# gauge_id= 1 location=( -0.8940740833E+02  0.2893238167E+02 ) num_var=  7
# Stationary gauge
# level, time, q[  1  2  3], eta, aux[  5  6  7]
# file format ascii, time series follow in this file
   01 -0.8640000E+05  0.4372796E+02  0.0000000E+00  0.0000000E+00  0.0000000E+00 -0.4584087E+01 -0.3377703E+01  0.1009113E+06
   01 -0.8639998E+05  0.4372796E+02  0.8383402E-06 -0.1318625E-05  0.1952802E-07 -0.4584090E+01 -0.3377705E+01  0.1009113E+06
   01 -0.8632349E+05  0.4372802E+02  0.4101635E-02 -0.6661952E-02  0.5862015E-04 -0.4599471E+01 -0.3387680E+01  0.1009102E+06
   01 -0.8624699E+05  0.4372805E+02  0.8446918E-02 -0.1351647E-01  0.8509335E-04 -0.4614852E+01 -0.3397655E+01  0.1009091E+06
   01 -0.8617049E+05  0.4372803E+02  0.1315919E-01 -0.2103319E-01  0.6347073E-04 -0.4630234E+01 -0.3407630E+01  0.1009080E+06
   01 -0.8609400E+05  0.4372795E+02  0.1838652E-01 -0.2931732E-01 -0.1479584E-04 -0.4645615E+01 -0.3417606E+01  0.1009068E+06
   01 -0.8601750E+05  0.4372780E+02  0.2430431E-01 -0.3848241E-01 -0.1596322E-03 -0.4660996E+01 -0.3427581E+01  0.1009057E+06
   01 -0.8594100E+05  0.4372758E+02  0.3108457E-01 -0.4866896E-01 -0.3820005E-03 -0.4676378E+01 -0.3437556E+01  0.1009046E+06
   01 -0.8586450E+05  0.4372727E+02  0.3884831E-01 -0.6002766E-01 -0.6931672E-03 -0.4691759E+01 -0.3447531E+01  0.1009035E+06
   01 -0.8578801E+05  0.4372686E+02  0.4760279E-01 -0.7270739E-01 -0.1101003E-02 -0.4707140E+01 -0.3457507E+01  0.1009024E+06
   01 -0.8571151E+05  0.4372635E+02  0.5740983E-01 -0.8686155E-01 -0.1615338E-02 -0.4722522E+01 -0.3467482E+01  0.1009012E+06
   01 -0.8563501E+05  0.4372572E+02  0.6835197E-01 -0.1026696E+00 -0.2245326E-02 -0.4737903E+01 -0.3477457E+01  0.1009001E+06
   01 -0.8555852E+05  0.4372496E+02  0.8051769E-01 -0.1202860E+00 -0.3002330E-02 -0.4753284E+01 -0.3487432E+01  0.1008990E+06
   01 -0.8548202E+05  0.4372406E+02  0.9401151E-01 -0.1399272E+00 -0.3900268E-02 -0.4768666E+01 -0.3497408E+01  0.1008979E+06
   01 -0.8540552E+05  0.4372301E+02  0.1090107E+00 -0.1618739E+00 -0.4955477E-02 -0.4784047E+01 -0.3507383E+01  0.1008967E+06
   01 -0.8532902E+05  0.4372178E+02  0.1256981E+00 -0.1863390E+00 -0.6182557E-02 -0.4799428E+01 -0.3517358E+01  0.1008956E+06
   01 -0.8525253E+05  0.4372036E+02  0.1441922E+00 -0.2134308E+00 -0.7598860E-02 -0.4814810E+01 -0.3527333E+01  0.1008945E+06
   01 -0.8517603E+05  0.4371876E+02  0.1643452E+00 -0.2433886E+00 -0.9202606E-02 -0.4830191E+01 -0.3537309E+01  0.1008934E+06
   01 -0.8509953E+05  0.4371696E+02  0.1861106E+00 -0.2763134E+00 -0.1099929E-01 -0.4845572E+01 -0.3547284E+01  0.1008922E+06
   01 -0.8502304E+05  0.4371497E+02  0.2093684E+00 -0.3121751E+00 -0.1299069E-01 -0.4860954E+01 -0.3557259E+01  0.1008911E+06
   01 -0.8494654E+05  0.4371279E+02  0.2339863E+00 -0.3508888E+00 -0.1517669E-01 -0.4876335E+01 -0.3567234E+01  0.1008900E+06
   01 -0.8487004E+05  0.4371039E+02  0.2602112E+00 -0.3926025E+00 -0.1756899E-01 -0.4891716E+01 -0.3577210E+01  0.1008889E+06
   01 -0.8479355E+05  0.4370775E+02  0.2885065E+00 -0.4377207E+00 -0.2020727E-01 -0.4907098E+01 -0.3587185E+01  0.1008878E+06
   01 -0.8471705E+05  0.4370482E+02  0.3200930E+00 -0.4871771E+00 -0.2314146E-01 -0.4922479E+01 -0.3597160E+01  0.1008866E+06
   01 -0.8464055E+05  0.4370147E+02  0.3569084E+00 -0.5434151E+00 -0.2648842E-01 -0.4937860E+01 -0.3607135E+01  0.1008855E+06
   01 -0.8456405E+05  0.4369762E+02  0.4003279E+00 -0.6082016E+00 -0.3034097E-01 -0.4953241E+01 -0.3617111E+01  0.1008844E+06
   01 -0.8448756E+05  0.4369328E+02  0.4493005E+00 -0.6823450E+00 -0.3468319E-01 -0.4968623E+01 -0.3627086E+01  0.1008833E+06
   01 -0.8441106E+05  0.4368832E+02  0.5023204E+00 -0.7726701E+00 -0.3964482E-01 -0.4984004E+01 -0.3637061E+01  0.1008821E+06
   01 -0.8433456E+05  0.4368337E+02  0.5560568E+00 -0.8591769E+00 -0.4459065E-01 -0.4999385E+01 -0.3647036E+01  0.1008810E+06
   01 -0.8425807E+05  0.4367856E+02  0.6103961E+00 -0.9376336E+00 -0.4939746E-01 -0.5014767E+01 -0.3657012E+01  0.1008799E+06
   01 -0.8418157E+05  0.4367377E+02  0.6705479E+00 -0.1007045E+01 -0.5418773E-01 -0.5030148E+01 -0.3666987E+01  0.1008788E+06
   01 -0.8410507E+05  0.4366954E+02  0.7203202E+00 -0.1067334E+01 -0.5842582E-01 -0.5045529E+01 -0.3676962E+01  0.1008776E+06
   01 -0.8402857E+05  0.4366604E+02  0.7604839E+00 -0.1113465E+01 -0.6192126E-01 -0.5060911E+01 -0.3686937E+01  0.1008765E+06
   01 -0.8395208E+05  0.4366342E+02  0.7870237E+00 -0.1141076E+01 -0.6453712E-01 -0.5076292E+01 -0.3696913E+01  0.1008754E+06
   01 -0.8387558E+05  0.4366129E+02  0.7957662E+00 -0.1162697E+01 -0.6667464E-01 -0.5091673E+01 -0.3706888E+01  0.1008743E+06
   01 -0.8379908E+05  0.4365988E+02  0.7828397E+00 -0.1176702E+01 -0.6808118E-01 -0.5107055E+01 -0.3716863E+01  0.1008732E+06
   01 -0.8372259E+05  0.4365876E+02  0.7656237E+00 -0.1180909E+01 -0.6919691E-01 -0.5122436E+01 -0.3726838E+01  0.1008720E+06
   01 -0.8364609E+05  0.4365798E+02  0.7443048E+00 -0.1175884E+01 -0.6998177E-01 -0.5137817E+01 -0.3736814E+01  0.1008709E+06
   01 -0.8356959E+05  0.4365813E+02  0.7186452E+00 -0.1137418E+01 -0.6983570E-01 -0.5153199E+01 -0.3746789E+01  0.1008698E+06
   01 -0.8349309E+05  0.4365977E+02  0.6735483E+00 -0.1062821E+01 -0.6819456E-01 -0.5168580E+01 -0.3756764E+01  0.1008687E+06
   01 -0.8341660E+05  0.4366301E+02  0.5985475E+00 -0.9599399E+00 -0.6495527E-01 -0.5183961E+01 -0.3766739E+01  0.1008675E+06
   01 -0.8334010E+05  0.4366752E+02  0.4990492E+00 -0.8359895E+00 -0.6044479E-01 -0.5199343E+01 -0.3776715E+01  0.1008664E+06
   01 -0.8326360E+05  0.4367338E+02  0.3806639E+00 -0.6871005E+00 -0.5457989E-01 -0.5214724E+01 -0.3786690E+01  0.1008653E+06
   01 -0.8318711E+05  0.4368060E+02  0.2505190E+00 -0.5100056E+00 -0.4736596E-01 -0.5230105E+01 -0.3796665E+01  0.1008642E+06
   01 -0.8311061E+05  0.4368865E+02  0.1056416E+00 -0.3308188E+00 -0.3931045E-01 -0.5245487E+01 -0.3806640E+01  0.1008630E+06
   01 -0.8303411E+05  0.4369674E+02 -0.3784642E-01 -0.1642271E+00 -0.3122570E-01 -0.5260868E+01 -0.3816616E+01  0.1008619E+06
   01 -0.8295762E+05  0.4370450E+02 -0.1626560E+00 -0.8972494E-02 -0.2346542E-01 -0.5276249E+01 -0.3826591E+01  0.1008608E+06
   01 -0.8288112E+05  0.4371166E+02 -0.2679908E+00  0.1327517E+00 -0.1630397E-01 -0.5291631E+01 -0.3836566E+01  0.1008597E+06
   01 -0.8280462E+05  0.4371808E+02 -0.3560191E+00  0.2581793E+00 -0.9877002E-02 -0.5307012E+01 -0.3846541E+01  0.1008586E+06
   01 -0.8272812E+05  0.4372360E+02 -0.4301997E+00  0.3625821E+00 -0.4364577E-02 -0.5322393E+01 -0.3856517E+01  0.1008574E+06
   01 -0.8265163E+05  0.4372830E+02 -0.4934449E+00  0.4487415E+00  0.3383530E-03 -0.5337774E+01 -0.3866492E+01  0.1008563E+06
   01 -0.8257513E+05  0.4373227E+02 -0.5467094E+00  0.5193343E+00  0.4307014E-02 -0.5353156E+01 -0.3876467E+01  0.1008552E+06
   01 -0.8249863E+05  0.4373564E+02 -0.5884431E+00  0.5766537E+00  0.7678086E-02 -0.5368537E+01 -0.3886442E+01  0.1008541E+06
   01 -0.8242214E+05  0.4373838E+02 -0.6191850E+00  0.6194425E+00  0.1041813E-01 -0.5383918E+01 -0.3896417E+01  0.1008529E+06
   01 -0.8234564E+05  0.4374054E+02 -0.6406035E+00  0.6497665E+00  0.1258207E-01 -0.5399300E+01 -0.3906393E+01  0.1008518E+06
   01 -0.8226914E+05  0.4374249E+02 -0.6552764E+00  0.6755533E+00  0.1452933E-01 -0.5414681E+01 -0.3916368E+01  0.1008507E+06
   01 -0.8219264E+05  0.4374421E+02 -0.6654921E+00  0.6945389E+00  0.1624964E-01 -0.5430062E+01 -0.3926343E+01  0.1008496E+06
   01 -0.8211615E+05  0.4374578E+02 -0.6735510E+00  0.7083806E+00  0.1781386E-01 -0.5445444E+01 -0.3936318E+01  0.1008484E+06
   01 -0.8203965E+05  0.4374723E+02 -0.6808417E+00  0.7179365E+00  0.1927127E-01 -0.5460825E+01 -0.3946294E+01  0.1008473E+06
   01 -0.8196315E+05  0.4374861E+02 -0.6882584E+00  0.7239804E+00  0.2065284E-01 -0.5476206E+01 -0.3956269E+01  0.1008462E+06
   01 -0.8188666E+05  0.4374992E+02 -0.6955328E+00  0.7276499E+00  0.2195971E-01 -0.5491588E+01 -0.3966244E+01  0.1008451E+06
   01 -0.8181016E+05  0.4375119E+02 -0.7041801E+00  0.7303160E+00  0.2322499E-01 -0.5506969E+01 -0.3976219E+01  0.1008440E+06
   01 -0.8173366E+05  0.4375247E+02 -0.7150865E+00  0.7329586E+00  0.2450446E-01 -0.5522350E+01 -0.3986195E+01  0.1008428E+06
   01 -0.8165716E+05  0.4375384E+02 -0.7277292E+00  0.7365611E+00  0.2588263E-01 -0.5537732E+01 -0.3996170E+01  0.1008417E+06
   01 -0.8158067E+05  0.4375536E+02 -0.7418828E+00  0.7417579E+00  0.2739797E-01 -0.5553113E+01 -0.4006145E+01  0.1008406E+06
   01 -0.8150417E+05  0.4375703E+02 -0.7573663E+00  0.7488805E+00  0.2906355E-01 -0.5568494E+01 -0.4016120E+01  0.1008395E+06
   01 -0.8142767E+05  0.4375885E+02 -0.7740797E+00  0.7580255E+00  0.3088741E-01 -0.5583876E+01 -0.4026096E+01  0.1008383E+06
   01 -0.8135118E+05  0.4376083E+02 -0.7927149E+00  0.7687011E+00  0.3286366E-01 -0.5599257E+01 -0.4036071E+01  0.1008372E+06
   01 -0.8127468E+05  0.4376297E+02 -0.8130647E+00  0.7803794E+00  0.3500735E-01 -0.5614638E+01 -0.4046046E+01  0.1008361E+06
   01 -0.8119818E+05  0.4376524E+02 -0.8340059E+00  0.7929168E+00  0.3727363E-01 -0.5630020E+01 -0.4056021E+01  0.1008350E+06
   01 -0.8112169E+05  0.4376757E+02 -0.8542628E+00  0.8059074E+00  0.3961280E-01 -0.5645401E+01 -0.4065997E+01  0.1008338E+06
   01 -0.8104519E+05  0.4376994E+02 -0.8723556E+00  0.8188592E+00  0.4198125E-01 -0.5660782E+01 -0.4075972E+01  0.1008327E+06
   01 -0.8096869E+05  0.4377232E+02 -0.8880185E+00  0.8313693E+00  0.4436261E-01 -0.5676163E+01 -0.4085947E+01  0.1008316E+06
   01 -0.8089219E+05  0.4377471E+02 -0.9010131E+00  0.8433998E+00  0.4674968E-01 -0.5691545E+01 -0.4095922E+01  0.1008305E+06
   01 -0.8081570E+05  0.4377710E+02 -0.9111297E+00  0.8552617E+00  0.4913684E-01 -0.5706926E+01 -0.4105898E+01  0.1008294E+06
   01 -0.8073920E+05  0.4377947E+02 -0.9181472E+00  0.8658819E+00  0.5150602E-01 -0.5722307E+01 -0.4115873E+01  0.1008282E+06
   01 -0.8066270E+05  0.4378176E+02 -0.9217765E+00  0.8740692E+00  0.5380268E-01 -0.5737689E+01 -0.4125848E+01  0.1008271E+06
   01 -0.8058621E+05  0.4378392E+02 -0.9216718E+00  0.8789640E+00  0.5595434E-01 -0.5753070E+01 -0.4135823E+01  0.1008260E+06
   01 -0.8050971E+05  0.4378598E+02 -0.9185064E+00  0.8818362E+00  0.5801577E-01 -0.5768451E+01 -0.4145799E+01  0.1008249E+06
   01 -0.8043321E+05  0.4378790E+02 -0.9125461E+00  0.8820877E+00  0.5993384E-01 -0.5783833E+01 -0.4155774E+01  0.1008237E+06
   01 -0.8035671E+05  0.4378966E+02 -0.9042164E+00  0.8799984E+00  0.6169326E-01 -0.5799214E+01 -0.4165749E+01  0.1008226E+06
   01 -0.8028022E+05  0.4379128E+02 -0.8947289E+00  0.8756497E+00  0.6331557E-01 -0.5814595E+01 -0.4175724E+01  0.1008215E+06
   01 -0.8020372E+05  0.4379282E+02 -0.8857590E+00  0.8690698E+00  0.6485416E-01 -0.5829977E+01 -0.4185700E+01  0.1008204E+06
   01 -0.8012722E+05  0.4379428E+02 -0.8772615E+00  0.8602014E+00  0.6631710E-01 -0.5845358E+01 -0.4195675E+01  0.1008192E+06
   01 -0.8005073E+05  0.4379567E+02 -0.8690680E+00  0.8488548E+00  0.6770331E-01 -0.5860739E+01 -0.4205650E+01  0.1008181E+06
   01 -0.7997423E+05  0.4379698E+02 -0.8609943E+00  0.8349195E+00  0.6901413E-01 -0.5876121E+01 -0.4215625E+01  0.1008170E+06
   01 -0.7989773E+05  0.4379820E+02 -0.8528853E+00  0.8182165E+00  0.7024284E-01 -0.5891502E+01 -0.4225600E+01  0.1008159E+06
   01 -0.7982124E+05  0.4379929E+02 -0.8429127E+00  0.7986286E+00  0.7132717E-01 -0.5906883E+01 -0.4235576E+01  0.1008148E+06
   01 -0.7974474E+05  0.4380024E+02 -0.8314307E+00  0.7764229E+00  0.7227453E-01 -0.5922264E+01 -0.4245551E+01  0.1008136E+06
   01 -0.7966824E+05  0.4380105E+02 -0.8187556E+00  0.7518924E+00  0.7309212E-01 -0.5937646E+01 -0.4255526E+01  0.1008125E+06
   01 -0.7959174E+05  0.4380175E+02 -0.8051437E+00  0.7253306E+00  0.7378692E-01 -0.5953027E+01 -0.4265501E+01  0.1008114E+06
   01 -0.7951525E+05  0.4380233E+02 -0.7908416E+00  0.6970245E+00  0.7436472E-01 -0.5968408E+01 -0.4275477E+01  0.1008103E+06
   01 -0.7943875E+05  0.4380279E+02 -0.7762027E+00  0.6672434E+00  0.7482624E-01 -0.5983790E+01 -0.4285452E+01  0.1008091E+06
   01 -0.7936225E+05  0.4380313E+02 -0.7615460E+00  0.6362312E+00  0.7516884E-01 -0.5999171E+01 -0.4295427E+01  0.1008080E+06
   01 -0.7928576E+05  0.4380336E+02 -0.7468402E+00  0.6042045E+00  0.7540038E-01 -0.6014552E+01 -0.4305402E+01  0.1008069E+06
   01 -0.7920926E+05  0.4380349E+02 -0.7320760E+00  0.5713459E+00  0.7552844E-01 -0.6029934E+01 -0.4315378E+01  0.1008058E+06
   01 -0.7913276E+05  0.4380351E+02 -0.7171126E+00  0.5377807E+00  0.7555260E-01 -0.6045315E+01 -0.4325353E+01  0.1008046E+06
   01 -0.7905627E+05  0.4380342E+02 -0.7016626E+00  0.5036056E+00  0.7546274E-01 -0.6060696E+01 -0.4335328E+01  0.1008035E+06
   01 -0.7897977E+05  0.4380321E+02 -0.6857118E+00  0.4686758E+00  0.7525269E-01 -0.6076077E+01 -0.4345303E+01  0.1008024E+06
   01 -0.7890327E+05  0.4380287E+02 -0.6692612E+00  0.4326878E+00  0.7490563E-01 -0.6091459E+01 -0.4355279E+01  0.1008013E+06
   01 -0.7882677E+05  0.4380238E+02 -0.6521900E+00  0.3957091E+00  0.7442277E-01 -0.6106840E+01 -0.4365254E+01  0.1008002E+06
   01 -0.7875028E+05  0.4380177E+02 -0.6343696E+00  0.3578209E+00  0.7380897E-01 -0.6122221E+01 -0.4375229E+01  0.1007990E+06
   01 -0.7867378E+05  0.4380103E+02 -0.6156436E+00  0.3191174E+00  0.7306785E-01 -0.6137603E+01 -0.4385204E+01  0.1007979E+06
   01 -0.7859728E+05  0.4380016E+02 -0.5957761E+00  0.2797062E+00  0.7219484E-01 -0.6152984E+01 -0.4395179E+01  0.1007968E+06
   01 -0.7852079E+05  0.4379918E+02 -0.5754306E+00  0.2397379E+00  0.7121937E-01 -0.6168365E+01 -0.4405155E+01  0.1007957E+06
   01 -0.7844429E+05  0.4379813E+02 -0.5552099E+00  0.1993967E+00  0.7016575E-01 -0.6183747E+01 -0.4415130E+01  0.1007945E+06
   01 -0.7836779E+05  0.4379698E+02 -0.5343299E+00  0.1589010E+00  0.6901700E-01 -0.6199128E+01 -0.4425105E+01  0.1007934E+06
   01 -0.7829130E+05  0.4379581E+02 -0.5137499E+00  0.1191234E+00  0.6784766E-01 -0.6214509E+01 -0.4435080E+01  0.1007923E+06
   01 -0.7821480E+05  0.4379464E+02 -0.4941222E+00  0.8014183E-01  0.6667842E-01 -0.6229890E+01 -0.4445056E+01  0.1007912E+06
   01 -0.7813830E+05  0.4379347E+02 -0.4759805E+00  0.4157195E-01  0.6551294E-01 -0.6245272E+01 -0.4455031E+01  0.1007900E+06
   01 -0.7806180E+05  0.4379231E+02 -0.4595888E+00  0.3003955E-02  0.6434598E-01 -0.6260653E+01 -0.4465006E+01  0.1007889E+06
   01 -0.7798531E+05  0.4379120E+02 -0.4459653E+00 -0.3432899E-01  0.6323904E-01 -0.6276034E+01 -0.4474981E+01  0.1007878E+06
   01 -0.7790881E+05  0.4379021E+02 -0.4358202E+00 -0.6842011E-01  0.6224450E-01 -0.6291416E+01 -0.4484957E+01  0.1007867E+06
   01 -0.7783231E+05  0.4378931E+02 -0.4287667E+00 -0.9935464E-01  0.6134387E-01 -0.6306797E+01 -0.4494932E+01  0.1007856E+06
   01 -0.7775582E+05  0.4378849E+02 -0.4244639E+00 -0.1270675E+00  0.6052510E-01 -0.6322178E+01 -0.4504907E+01  0.1007844E+06
   01 -0.7767932E+05  0.4378778E+02 -0.4229567E+00 -0.1507505E+00  0.5981882E-01 -0.6337560E+01 -0.4514882E+01  0.1007833E+06
   01 -0.7760282E+05  0.4378720E+02 -0.4238641E+00 -0.1701499E+00  0.5923802E-01 -0.6352941E+01 -0.4524858E+01  0.1007822E+06
   01 -0.7752633E+05  0.4378671E+02 -0.4265845E+00 -0.1861004E+00  0.5874818E-01 -0.6368322E+01 -0.4534833E+01  0.1007811E+06
   01 -0.7744983E+05  0.4378625E+02 -0.4308222E+00 -0.2005505E+00  0.5828335E-01 -0.6383704E+01 -0.4544808E+01  0.1007799E+06
   01 -0.7737333E+05  0.4378584E+02 -0.4368470E+00 -0.2132251E+00  0.5788053E-01 -0.6399085E+01 -0.4554783E+01  0.1007788E+06
   01 -0.7729683E+05  0.4378554E+02 -0.4449093E+00 -0.2229996E+00  0.5757384E-01 -0.6414466E+01 -0.4564758E+01  0.1007777E+06
   01 -0.7722034E+05  0.4378532E+02 -0.4548423E+00 -0.2300306E+00  0.5736257E-01 -0.6429847E+01 -0.4574734E+01  0.1007766E+06
   01 -0.7714384E+05  0.4378517E+02 -0.4654118E+00 -0.2344859E+00  0.5721204E-01 -0.6445229E+01 -0.4584709E+01  0.1007754E+06
   01 -0.7706734E+05  0.4378508E+02 -0.4760939E+00 -0.2366267E+00  0.5711366E-01 -0.6460610E+01 -0.4594684E+01  0.1007743E+06
   01 -0.7699085E+05  0.4378504E+02 -0.4867764E+00 -0.2362144E+00  0.5707431E-01 -0.6475991E+01 -0.4604659E+01  0.1007732E+06
   01 -0.7691435E+05  0.4378503E+02 -0.4975118E+00 -0.2339601E+00  0.5707228E-01 -0.6491373E+01 -0.4614635E+01  0.1007721E+06
   01 -0.7683785E+05  0.4378505E+02 -0.5083543E+00 -0.2302141E+00  0.5709304E-01 -0.6506754E+01 -0.4624610E+01  0.1007710E+06
   01 -0.7676136E+05  0.4378510E+02 -0.5192181E+00 -0.2249740E+00  0.5713358E-01 -0.6522135E+01 -0.4634585E+01  0.1007698E+06
   01 -0.7668486E+05  0.4378514E+02 -0.5303291E+00 -0.2190137E+00  0.5718036E-01 -0.6537517E+01 -0.4644560E+01  0.1007687E+06
   01 -0.7660836E+05  0.4378522E+02 -0.5423665E+00 -0.2123984E+00  0.5726267E-01 -0.6552898E+01 -0.4654536E+01  0.1007676E+06
   01 -0.7653186E+05  0.4378533E+02 -0.5550529E+00 -0.2049449E+00  0.5736996E-01 -0.6568279E+01 -0.4664511E+01  0.1007665E+06
   01 -0.7645537E+05  0.4378547E+02 -0.5681568E+00 -0.1967812E+00  0.5750754E-01 -0.6583661E+01 -0.4674486E+01  0.1007653E+06
   01 -0.7637887E+05  0.4378563E+02 -0.5813676E+00 -0.1883401E+00  0.5766546E-01 -0.6599042E+01 -0.4684461E+01  0.1007642E+06
   01 -0.7630237E+05  0.4378580E+02 -0.5945035E+00 -0.1797589E+00  0.5783389E-01 -0.6614423E+01 -0.4694437E+01  0.1007631E+06
   01 -0.7622588E+05  0.4378597E+02 -0.6076326E+00 -0.1712211E+00  0.5801004E-01 -0.6629804E+01 -0.4704412E+01  0.1007620E+06
   01 -0.7614938E+05  0.4378616E+02 -0.6207503E+00 -0.1628708E+00  0.5819602E-01 -0.6645186E+01 -0.4714387E+01  0.1007608E+06
   01 -0.7607288E+05  0.4378635E+02 -0.6339039E+00 -0.1549096E+00  0.5839043E-01 -0.6660567E+01 -0.4724362E+01  0.1007597E+06
   01 -0.7599639E+05  0.4378655E+02 -0.6471641E+00 -0.1473211E+00  0.5858747E-01 -0.6675948E+01 -0.4734337E+01  0.1007586E+06
   01 -0.7591989E+05  0.4378676E+02 -0.6606468E+00 -0.1397168E+00  0.5879792E-01 -0.6691330E+01 -0.4744313E+01  0.1007575E+06
   01 -0.7584339E+05  0.4378699E+02 -0.6744950E+00 -0.1323770E+00  0.5902949E-01 -0.6706711E+01 -0.4754288E+01  0.1007564E+06
   01 -0.7576689E+05  0.4378723E+02 -0.6884979E+00 -0.1255567E+00  0.5926651E-01 -0.6722092E+01 -0.4764263E+01  0.1007552E+06
   01 -0.7569040E+05  0.4378745E+02 -0.7023763E+00 -0.1195904E+00  0.5948425E-01 -0.6737474E+01 -0.4774238E+01  0.1007541E+06
   01 -0.7561390E+05  0.4378763E+02 -0.7159539E+00 -0.1145284E+00  0.5967295E-01 -0.6752855E+01 -0.4784214E+01  0.1007530E+06
   01 -0.7553740E+05  0.4378779E+02 -0.7289297E+00 -0.1104033E+00  0.5982341E-01 -0.6768236E+01 -0.4794189E+01  0.1007519E+06
   01 -0.7546091E+05  0.4378793E+02 -0.7414176E+00 -0.1061315E+00  0.5997112E-01 -0.6783618E+01 -0.4804164E+01  0.1007507E+06
   01 -0.7538441E+05  0.4378807E+02 -0.7534819E+00 -0.1018102E+00  0.6010926E-01 -0.6798999E+01 -0.4814139E+01  0.1007496E+06
   01 -0.7530791E+05  0.4378820E+02 -0.7650996E+00 -0.9736953E-01  0.6024208E-01 -0.6814380E+01 -0.4824115E+01  0.1007485E+06
   01 -0.7523142E+05  0.4378832E+02 -0.7759037E+00 -0.9271273E-01  0.6036166E-01 -0.6829761E+01 -0.4834090E+01  0.1007474E+06
   01 -0.7515492E+05  0.4378843E+02 -0.7857452E+00 -0.8787888E-01  0.6046566E-01 -0.6845143E+01 -0.4844065E+01  0.1007462E+06
   01 -0.7507842E+05  0.4378852E+02 -0.7945661E+00 -0.8289975E-01  0.6055408E-01 -0.6860524E+01 -0.4854040E+01  0.1007451E+06
   01 -0.7500192E+05  0.4378860E+02 -0.8023680E+00 -0.7781094E-01  0.6063652E-01 -0.6875905E+01 -0.4864016E+01  0.1007440E+06
   01 -0.7492543E+05  0.4378868E+02 -0.8091207E+00 -0.7265857E-01  0.6071557E-01 -0.6891287E+01 -0.4873991E+01  0.1007429E+06
   01 -0.7484893E+05  0.4378875E+02 -0.8147834E+00 -0.6749732E-01  0.6079156E-01 -0.6906668E+01 -0.4883966E+01  0.1007418E+06
   01 -0.7477243E+05  0.4378882E+02 -0.8193413E+00 -0.6281459E-01  0.6085348E-01 -0.6922049E+01 -0.4893941E+01  0.1007406E+06
   01 -0.7469594E+05  0.4378884E+02 -0.8228584E+00 -0.5946071E-01  0.6088234E-01 -0.6937430E+01 -0.4903916E+01  0.1007395E+06
   01 -0.7461944E+05  0.4378884E+02 -0.8254726E+00 -0.5748568E-01  0.6087682E-01 -0.6952812E+01 -0.4913892E+01  0.1007384E+06
   01 -0.7454294E+05  0.4378880E+02 -0.8273103E+00 -0.5668948E-01  0.6084283E-01 -0.6968193E+01 -0.4923867E+01  0.1007373E+06
   01 -0.7446645E+05  0.4378875E+02 -0.8284749E+00 -0.5689593E-01  0.6078554E-01 -0.6983574E+01 -0.4933842E+01  0.1007361E+06
   01 -0.7438995E+05  0.4378868E+02 -0.8290879E+00 -0.5794967E-01  0.6071509E-01 -0.6998956E+01 -0.4943817E+01  0.1007350E+06
   01 -0.7431345E+05  0.4378861E+02 -0.8292461E+00 -0.5987658E-01  0.6064377E-01 -0.7014337E+01 -0.4953793E+01  0.1007339E+06
   01 -0.7423695E+05  0.4378854E+02 -0.8289899E+00 -0.6268481E-01  0.6057346E-01 -0.7029718E+01 -0.4963768E+01  0.1007328E+06
   01 -0.7416046E+05  0.4378846E+02 -0.8283697E+00 -0.6627215E-01  0.6049763E-01 -0.7045100E+01 -0.4973743E+01  0.1007316E+06
   01 -0.7408396E+05  0.4378838E+02 -0.8275916E+00 -0.7050426E-01  0.6042094E-01 -0.7060481E+01 -0.4983718E+01  0.1007305E+06
   01 -0.7400746E+05  0.4378831E+02 -0.8266911E+00 -0.7518442E-01  0.6034382E-01 -0.7075862E+01 -0.4993693E+01  0.1007294E+06
   01 -0.7393097E+05  0.4378823E+02 -0.8257005E+00 -0.8023613E-01  0.6026660E-01 -0.7091243E+01 -0.5003669E+01  0.1007283E+06
   01 -0.7385447E+05  0.4378815E+02 -0.8246555E+00 -0.8559421E-01  0.6018975E-01 -0.7106625E+01 -0.5013644E+01  0.1007272E+06
   01 -0.7377797E+05  0.4378808E+02 -0.8235922E+00 -0.9120550E-01  0.6011386E-01 -0.7122006E+01 -0.5023619E+01  0.1007260E+06
   01 -0.7370148E+05  0.4378799E+02 -0.8225417E+00 -0.9718535E-01  0.6002906E-01 -0.7137387E+01 -0.5033594E+01  0.1007249E+06
   01 -0.7362498E+05  0.4378789E+02 -0.8215135E+00 -0.1035310E+00  0.5992584E-01 -0.7152769E+01 -0.5043570E+01  0.1007238E+06
   01 -0.7354848E+05  0.4378777E+02 -0.8205522E+00 -0.1101870E+00  0.5980361E-01 -0.7168150E+01 -0.5053545E+01  0.1007227E+06
   01 -0.7347199E+05  0.4378762E+02 -0.8196979E+00 -0.1171145E+00  0.5966192E-01 -0.7183531E+01 -0.5063520E+01  0.1007215E+06
   01 -0.7339549E+05  0.4378747E+02 -0.8190041E+00 -0.1242925E+00  0.5950395E-01 -0.7198912E+01 -0.5073495E+01  0.1007204E+06
   01 -0.7331899E+05  0.4378729E+02 -0.8185076E+00 -0.1317283E+00  0.5933082E-01 -0.7214294E+01 -0.5083471E+01  0.1007193E+06
   01 -0.7324249E+05  0.4378710E+02 -0.8182271E+00 -0.1394489E+00  0.5914093E-01 -0.7229675E+01 -0.5093446E+01  0.1007182E+06
   01 -0.7316600E+05  0.4378689E+02 -0.8181764E+00 -0.1474889E+00  0.5893301E-01 -0.7245056E+01 -0.5103421E+01  0.1007170E+06
   01 -0.7308950E+05  0.4378666E+02 -0.8184509E+00 -0.1558886E+00  0.5870297E-01 -0.7260438E+01 -0.5113396E+01  0.1007159E+06
   01 -0.7301300E+05  0.4378641E+02 -0.8191361E+00 -0.1646848E+00  0.5844703E-01 -0.7275819E+01 -0.5123371E+01  0.1007148E+06
   01 -0.7293651E+05  0.4378613E+02 -0.8202211E+00 -0.1739085E+00  0.5816423E-01 -0.7291200E+01 -0.5133347E+01  0.1007137E+06
   01 -0.7286001E+05  0.4378582E+02 -0.8216930E+00 -0.1835833E+00  0.5785366E-01 -0.7306581E+01 -0.5143322E+01  0.1007126E+06
   01 -0.7278351E+05  0.4378548E+02 -0.8236237E+00 -0.1937226E+00  0.5751741E-01 -0.7321963E+01 -0.5153297E+01  0.1007114E+06
   01 -0.7270702E+05  0.4378512E+02 -0.8259939E+00 -0.2043262E+00  0.5715516E-01 -0.7337344E+01 -0.5163272E+01  0.1007103E+06
   01 -0.7263052E+05  0.4378473E+02 -0.8287598E+00 -0.2153770E+00  0.5676615E-01 -0.7352725E+01 -0.5173248E+01  0.1007092E+06
   01 -0.7255402E+05  0.4378431E+02 -0.8318960E+00 -0.2268452E+00  0.5635048E-01 -0.7368107E+01 -0.5183223E+01  0.1007081E+06
   01 -0.7247753E+05  0.4378387E+02 -0.8353937E+00 -0.2386912E+00  0.5590907E-01 -0.7383488E+01 -0.5193198E+01  0.1007069E+06
   01 -0.7240103E+05  0.4378341E+02 -0.8392602E+00 -0.2508659E+00  0.5544364E-01 -0.7398869E+01 -0.5203173E+01  0.1007058E+06
   01 -0.7232453E+05  0.4378292E+02 -0.8434931E+00 -0.2632596E+00  0.5495979E-01 -0.7414250E+01 -0.5213148E+01  0.1007047E+06
   01 -0.7224803E+05  0.4378242E+02 -0.8480741E+00 -0.2757931E+00  0.5446223E-01 -0.7429632E+01 -0.5223124E+01  0.1007036E+06
   01 -0.7217154E+05  0.4378192E+02 -0.8529932E+00 -0.2883902E+00  0.5395541E-01 -0.7445013E+01 -0.5233099E+01  0.1007024E+06
   01 -0.7209504E+05  0.4378141E+02 -0.8582523E+00 -0.3009628E+00  0.5344403E-01 -0.7460394E+01 -0.5243074E+01  0.1007013E+06
   01 -0.7201854E+05  0.4378089E+02 -0.8638619E+00 -0.3134147E+00  0.5293289E-01 -0.7475776E+01 -0.5253049E+01  0.1007002E+06
   01 -0.7194205E+05  0.4378039E+02 -0.8698366E+00 -0.3256450E+00  0.5242681E-01 -0.7491157E+01 -0.5263025E+01  0.1006991E+06
   01 -0.7186555E+05  0.4377989E+02 -0.8761918E+00 -0.3375536E+00  0.5193034E-01 -0.7506538E+01 -0.5273000E+01  0.1006980E+06
   01 -0.7178905E+05  0.4377941E+02 -0.8829411E+00 -0.3490448E+00  0.5144772E-01 -0.7521919E+01 -0.5282975E+01  0.1006968E+06
   01 -0.7171256E+05  0.4377894E+02 -0.8900951E+00 -0.3600311E+00  0.5098267E-01 -0.7537301E+01 -0.5292950E+01  0.1006957E+06
   01 -0.7163606E+05  0.4377851E+02 -0.8976633E+00 -0.3702082E+00  0.5055067E-01 -0.7552682E+01 -0.5302925E+01  0.1006946E+06
   01 -0.7155956E+05  0.4377812E+02 -0.9056510E+00 -0.3794966E+00  0.5015557E-01 -0.7568063E+01 -0.5312901E+01  0.1006935E+06
   01 -0.7148307E+05  0.4377776E+02 -0.9140602E+00 -0.3878906E+00  0.4979643E-01 -0.7583445E+01 -0.5322876E+01  0.1006923E+06
   01 -0.7140657E+05  0.4377743E+02 -0.9228861E+00 -0.3953890E+00  0.4947211E-01 -0.7598826E+01 -0.5332851E+01  0.1006912E+06
   01 -0.7133007E+05  0.4377715E+02 -0.9321411E+00 -0.4019927E+00  0.4918414E-01 -0.7614207E+01 -0.5342826E+01  0.1006901E+06
   01 -0.7125357E+05  0.4377689E+02 -0.9418233E+00 -0.4077172E+00  0.4893189E-01 -0.7629588E+01 -0.5352802E+01  0.1006890E+06
   01 -0.7117708E+05  0.4377668E+02 -0.9519233E+00 -0.4125857E+00  0.4871404E-01 -0.7644970E+01 -0.5362777E+01  0.1006878E+06
   01 -0.7110058E+05  0.4377649E+02 -0.9624272E+00 -0.4166276E+00  0.4852899E-01 -0.7660351E+01 -0.5372752E+01  0.1006867E+06
   01 -0.7102408E+05  0.4377634E+02 -0.9733173E+00 -0.4198793E+00  0.4837491E-01 -0.7675732E+01 -0.5382727E+01  0.1006856E+06
   01 -0.7094759E+05  0.4377621E+02 -0.9845720E+00 -0.4223843E+00  0.4824964E-01 -0.7691114E+01 -0.5392702E+01  0.1006845E+06
   01 -0.7087109E+05  0.4377611E+02 -0.9961645E+00 -0.4243524E+00  0.4814659E-01 -0.7706495E+01 -0.5402678E+01  0.1006834E+06
   01 -0.7079459E+05  0.4377603E+02 -0.1008063E+01 -0.4258366E+00  0.4806335E-01 -0.7721876E+01 -0.5412653E+01  0.1006822E+06
   01 -0.7071810E+05  0.4377596E+02 -0.1020235E+01 -0.4268734E+00  0.4799766E-01 -0.7737257E+01 -0.5422628E+01  0.1006811E+06
   01 -0.7064160E+05  0.4377591E+02 -0.1032655E+01 -0.4274866E+00  0.4794732E-01 -0.7752639E+01 -0.5432603E+01  0.1006800E+06
   01 -0.7056510E+05  0.4377587E+02 -0.1045290E+01 -0.4276849E+00  0.4791056E-01 -0.7768020E+01 -0.5442579E+01  0.1006789E+06
   01 -0.7048861E+05  0.4377585E+02 -0.1058103E+01 -0.4274815E+00  0.4788560E-01 -0.7783401E+01 -0.5452554E+01  0.1006777E+06
   01 -0.7041211E+05  0.4377583E+02 -0.1071051E+01 -0.4268937E+00  0.4787067E-01 -0.7798783E+01 -0.5462529E+01  0.1006766E+06
   01 -0.7033561E+05  0.4377583E+02 -0.1084096E+01 -0.4259360E+00  0.4786377E-01 -0.7814164E+01 -0.5472504E+01  0.1006755E+06
   01 -0.7025911E+05  0.4377583E+02 -0.1097198E+01 -0.4246321E+00  0.4786324E-01 -0.7829545E+01 -0.5482479E+01  0.1006744E+06
   01 -0.7018262E+05  0.4377583E+02 -0.1110323E+01 -0.4230060E+00  0.4786760E-01 -0.7844926E+01 -0.5492455E+01  0.1006732E+06
   01 -0.7010612E+05  0.4377584E+02 -0.1123437E+01 -0.4209397E+00  0.4788321E-01 -0.7860308E+01 -0.5502430E+01  0.1006721E+06
   01 -0.7002962E+05  0.4377587E+02 -0.1136512E+01 -0.4184144E+00  0.4791063E-01 -0.7875689E+01 -0.5512405E+01  0.1006710E+06
   01 -0.6995313E+05  0.4377591E+02 -0.1149518E+01 -0.4154390E+00  0.4794879E-01 -0.7891070E+01 -0.5522380E+01  0.1006699E+06
   01 -0.6987663E+05  0.4377595E+02 -0.1162427E+01 -0.4123692E+00  0.4798750E-01 -0.7906452E+01 -0.5532356E+01  0.1006688E+06
   01 -0.6980013E+05  0.4377599E+02 -0.1175210E+01 -0.4092969E+00  0.4802347E-01 -0.7921833E+01 -0.5542331E+01  0.1006676E+06
   01 -0.6972364E+05  0.4377602E+02 -0.1187838E+01 -0.4062453E+00  0.4805524E-01 -0.7937214E+01 -0.5552306E+01  0.1006665E+06
   01 -0.6964714E+05  0.4377604E+02 -0.1200285E+01 -0.4032387E+00  0.4808139E-01 -0.7952595E+01 -0.5562281E+01  0.1006654E+06
   01 -0.6957064E+05  0.4377606E+02 -0.1212529E+01 -0.4003021E+00  0.4810059E-01 -0.7967977E+01 -0.5572256E+01  0.1006643E+06
   01 -0.6949415E+05  0.4377607E+02 -0.1224550E+01 -0.3974605E+00  0.4811160E-01 -0.7983358E+01 -0.5582232E+01  0.1006631E+06
   01 -0.6941765E+05  0.4377607E+02 -0.1236341E+01 -0.3947746E+00  0.4811224E-01 -0.7998739E+01 -0.5592207E+01  0.1006620E+06
   01 -0.6934115E+05  0.4377606E+02 -0.1247896E+01 -0.3922790E+00  0.4810158E-01 -0.8014121E+01 -0.5602182E+01  0.1006609E+06
   01 -0.6926465E+05  0.4377604E+02 -0.1259204E+01 -0.3899711E+00  0.4807966E-01 -0.8029502E+01 -0.5612157E+01  0.1006598E+06
   01 -0.6918816E+05  0.4377601E+02 -0.1270240E+01 -0.3878608E+00  0.4804606E-01 -0.8044883E+01 -0.5622133E+01  0.1006586E+06
   01 -0.6911166E+05  0.4377596E+02 -0.1280990E+01 -0.3859445E+00  0.4800028E-01 -0.8060264E+01 -0.5632108E+01  0.1006575E+06
   01 -0.6903516E+05  0.4377590E+02 -0.1291445E+01 -0.3842016E+00  0.4794193E-01 -0.8075646E+01 -0.5642083E+01  0.1006564E+06
   01 -0.6895867E+05  0.4377583E+02 -0.1301599E+01 -0.3826429E+00  0.4787066E-01 -0.8091027E+01 -0.5652058E+01  0.1006553E+06
   01 -0.6888217E+05  0.4377575E+02 -0.1311456E+01 -0.3812759E+00  0.4778618E-01 -0.8106408E+01 -0.5662033E+01  0.1006542E+06
   01 -0.6880567E+05  0.4377565E+02 -0.1321018E+01 -0.3801048E+00  0.4768835E-01 -0.8121790E+01 -0.5672009E+01  0.1006530E+06
   01 -0.6872918E+05  0.4377554E+02 -0.1330296E+01 -0.3791318E+00  0.4757724E-01 -0.8137171E+01 -0.5681984E+01  0.1006519E+06
   01 -0.6865268E+05  0.4377542E+02 -0.1339311E+01 -0.3783582E+00  0.4745445E-01 -0.8152552E+01 -0.5691959E+01  0.1006508E+06
   01 -0.6857618E+05  0.4377528E+02 -0.1348085E+01 -0.3777851E+00  0.4732167E-01 -0.8167933E+01 -0.5701934E+01  0.1006497E+06
   01 -0.6849969E+05  0.4377514E+02 -0.1356639E+01 -0.3774143E+00  0.4717916E-01 -0.8183315E+01 -0.5711910E+01  0.1006485E+06
   01 -0.6842319E+05  0.4377499E+02 -0.1364998E+01 -0.3772425E+00  0.4702722E-01 -0.8198696E+01 -0.5721885E+01  0.1006474E+06
   01 -0.6834669E+05  0.4377483E+02 -0.1373194E+01 -0.3772612E+00  0.4686622E-01 -0.8214077E+01 -0.5731860E+01  0.1006463E+06
   01 -0.6827020E+05  0.4377466E+02 -0.1381253E+01 -0.3774569E+00  0.4669681E-01 -0.8229459E+01 -0.5741835E+01  0.1006452E+06
   01 -0.6819370E+05  0.4377448E+02 -0.1389201E+01 -0.3778118E+00  0.4651973E-01 -0.8244840E+01 -0.5751810E+01  0.1006440E+06
   01 -0.6811720E+05  0.4377430E+02 -0.1397066E+01 -0.3783047E+00  0.4633574E-01 -0.8260221E+01 -0.5761786E+01  0.1006429E+06
   01 -0.6804070E+05  0.4377411E+02 -0.1404875E+01 -0.3789116E+00  0.4614567E-01 -0.8275602E+01 -0.5771761E+01  0.1006418E+06
   01 -0.6796421E+05  0.4377391E+02 -0.1412654E+01 -0.3796066E+00  0.4595037E-01 -0.8290984E+01 -0.5781736E+01  0.1006407E+06
   01 -0.6788771E+05  0.4377371E+02 -0.1420430E+01 -0.3803632E+00  0.4575067E-01 -0.8306365E+01 -0.5791711E+01  0.1006396E+06
   01 -0.6781121E+05  0.4377351E+02 -0.1428230E+01 -0.3811536E+00  0.4554740E-01 -0.8321746E+01 -0.5801687E+01  0.1006384E+06
   01 -0.6773472E+05  0.4377330E+02 -0.1436086E+01 -0.3819493E+00  0.4534128E-01 -0.8337127E+01 -0.5811662E+01  0.1006373E+06
   01 -0.6765822E+05  0.4377309E+02 -0.1444034E+01 -0.3827203E+00  0.4513293E-01 -0.8352509E+01 -0.5821637E+01  0.1006362E+06
   01 -0.6758172E+05  0.4377289E+02 -0.1452099E+01 -0.3834351E+00  0.4492327E-01 -0.8367890E+01 -0.5831612E+01  0.1006351E+06
   01 -0.6750523E+05  0.4377268E+02 -0.1460309E+01 -0.3840607E+00  0.4471329E-01 -0.8383271E+01 -0.5841587E+01  0.1006339E+06
   01 -0.6742873E+05  0.4377247E+02 -0.1468689E+01 -0.3845631E+00  0.4450407E-01 -0.8398653E+01 -0.5851563E+01  0.1006328E+06
   01 -0.6735223E+05  0.4377226E+02 -0.1477262E+01 -0.3849073E+00  0.4429676E-01 -0.8414034E+01 -0.5861538E+01  0.1006317E+06
   01 -0.6727574E+05  0.4377205E+02 -0.1486050E+01 -0.3850588E+00  0.4409261E-01 -0.8429415E+01 -0.5871513E+01  0.1006306E+06
   01 -0.6719924E+05  0.4377185E+02 -0.1495076E+01 -0.3849835E+00  0.4389290E-01 -0.8444796E+01 -0.5881488E+01  0.1006294E+06
   01 -0.6712274E+05  0.4377166E+02 -0.1504356E+01 -0.3846485E+00  0.4369897E-01 -0.8460178E+01 -0.5891463E+01  0.1006283E+06
   01 -0.6704625E+05  0.4377147E+02 -0.1513908E+01 -0.3840202E+00  0.4351219E-01 -0.8475559E+01 -0.5901439E+01  0.1006272E+06
   01 -0.6696975E+05  0.4377130E+02 -0.1523745E+01 -0.3830666E+00  0.4333397E-01 -0.8490940E+01 -0.5911414E+01  0.1006261E+06
   01 -0.6689325E+05  0.4377113E+02 -0.1533881E+01 -0.3817587E+00  0.4316635E-01 -0.8506321E+01 -0.5921389E+01  0.1006250E+06
   01 -0.6681676E+05  0.4377097E+02 -0.1544330E+01 -0.3800720E+00  0.4301227E-01 -0.8521703E+01 -0.5931364E+01  0.1006238E+06
   01 -0.6674026E+05  0.4377084E+02 -0.1555096E+01 -0.3779884E+00  0.4287328E-01 -0.8537084E+01 -0.5941340E+01  0.1006227E+06
   01 -0.6666376E+05  0.4377071E+02 -0.1566182E+01 -0.3754903E+00  0.4275086E-01 -0.8552465E+01 -0.5951315E+01  0.1006216E+06
   01 -0.6658726E+05  0.4377061E+02 -0.1577587E+01 -0.3725604E+00  0.4264646E-01 -0.8567847E+01 -0.5961290E+01  0.1006205E+06
   01 -0.6651077E+05  0.4377052E+02 -0.1589308E+01 -0.3691823E+00  0.4256147E-01 -0.8583228E+01 -0.5971265E+01  0.1006193E+06
   01 -0.6643427E+05  0.4377046E+02 -0.1601342E+01 -0.3653410E+00  0.4249718E-01 -0.8598609E+01 -0.5981240E+01  0.1006182E+06
   01 -0.6635777E+05  0.4377042E+02 -0.1613679E+01 -0.3610244E+00  0.4245469E-01 -0.8613990E+01 -0.5991216E+01  0.1006171E+06
   01 -0.6628128E+05  0.4377040E+02 -0.1626307E+01 -0.3562235E+00  0.4243492E-01 -0.8629372E+01 -0.6001191E+01  0.1006160E+06
   01 -0.6620478E+05  0.4377040E+02 -0.1639217E+01 -0.3509532E+00  0.4243731E-01 -0.8644753E+01 -0.6011166E+01  0.1006148E+06
   01 -0.6612828E+05  0.4377042E+02 -0.1652410E+01 -0.3452253E+00  0.4246110E-01 -0.8660134E+01 -0.6021141E+01  0.1006137E+06
   01 -0.6605179E+05  0.4377046E+02 -0.1665886E+01 -0.3391418E+00  0.4250060E-01 -0.8675515E+01 -0.6031116E+01  0.1006126E+06
   01 -0.6597529E+05  0.4377051E+02 -0.1679637E+01 -0.3328092E+00  0.4255038E-01 -0.8690897E+01 -0.6041092E+01  0.1006115E+06
   01 -0.6589879E+05  0.4377057E+02 -0.1693648E+01 -0.3262262E+00  0.4261134E-01 -0.8706278E+01 -0.6051067E+01  0.1006104E+06
   01 -0.6582230E+05  0.4377065E+02 -0.1707903E+01 -0.3193958E+00  0.4268427E-01 -0.8721659E+01 -0.6061042E+01  0.1006092E+06
   01 -0.6574580E+05  0.4377073E+02 -0.1722381E+01 -0.3123244E+00  0.4276991E-01 -0.8737040E+01 -0.6071017E+01  0.1006081E+06
   01 -0.6566930E+05  0.4377083E+02 -0.1737061E+01 -0.3050206E+00  0.4286896E-01 -0.8752422E+01 -0.6080992E+01  0.1006070E+06
   01 -0.6559281E+05  0.4377094E+02 -0.1751919E+01 -0.2974950E+00  0.4298204E-01 -0.8767803E+01 -0.6090968E+01  0.1006059E+06
   01 -0.6551631E+05  0.4377107E+02 -0.1766935E+01 -0.2897592E+00  0.4310971E-01 -0.8783184E+01 -0.6100943E+01  0.1006047E+06
   01 -0.6543981E+05  0.4377121E+02 -0.1782087E+01 -0.2818254E+00  0.4325254E-01 -0.8798566E+01 -0.6110918E+01  0.1006036E+06
   01 -0.6536332E+05  0.4377137E+02 -0.1797351E+01 -0.2737062E+00  0.4341098E-01 -0.8813947E+01 -0.6120893E+01  0.1006025E+06
   01 -0.6528682E+05  0.4377155E+02 -0.1812708E+01 -0.2654147E+00  0.4358543E-01 -0.8829328E+01 -0.6130869E+01  0.1006014E+06
   01 -0.6521032E+05  0.4377174E+02 -0.1828137E+01 -0.2569639E+00  0.4377620E-01 -0.8844709E+01 -0.6140844E+01  0.1006002E+06
   01 -0.6513382E+05  0.4377195E+02 -0.1843618E+01 -0.2483746E+00  0.4398396E-01 -0.8860091E+01 -0.6150819E+01  0.1005991E+06
   01 -0.6505733E+05  0.4377217E+02 -0.1859129E+01 -0.2396621E+00  0.4420911E-01 -0.8875472E+01 -0.6160794E+01  0.1005980E+06
   01 -0.6498083E+05  0.4377241E+02 -0.1874651E+01 -0.2308383E+00  0.4445188E-01 -0.8890853E+01 -0.6170769E+01  0.1005969E+06
   01 -0.6490433E+05  0.4377267E+02 -0.1890168E+01 -0.2219150E+00  0.4471247E-01 -0.8906234E+01 -0.6180745E+01  0.1005958E+06
   01 -0.6482784E+05  0.4377295E+02 -0.1905669E+01 -0.2129044E+00  0.4499105E-01 -0.8921616E+01 -0.6190720E+01  0.1005946E+06
   01 -0.6475134E+05  0.4377325E+02 -0.1921145E+01 -0.2038193E+00  0.4528770E-01 -0.8942597E+01 -0.6204925E+01  0.1005925E+06
   01 -0.6467484E+05  0.4377356E+02 -0.1936572E+01 -0.1947044E+00  0.4560302E-01 -0.8966782E+01 -0.6221549E+01  0.1005897E+06
   01 -0.6459835E+05  0.4377390E+02 -0.1951932E+01 -0.1855954E+00  0.4593685E-01 -0.8990968E+01 -0.6238173E+01  0.1005870E+06
   01 -0.6452185E+05  0.4377425E+02 -0.1967211E+01 -0.1765166E+00  0.4628836E-01 -0.9015153E+01 -0.6254797E+01  0.1005843E+06
   01 -0.6444535E+05  0.4377462E+02 -0.1982422E+01 -0.1674943E+00  0.4665572E-01 -0.9039338E+01 -0.6271422E+01  0.1005816E+06
   01 -0.6436886E+05  0.4377500E+02 -0.1997556E+01 -0.1585717E+00  0.4703802E-01 -0.9063523E+01 -0.6288046E+01  0.1005788E+06
   01 -0.6429236E+05  0.4377540E+02 -0.2012587E+01 -0.1497779E+00  0.4743374E-01 -0.9087708E+01 -0.6304670E+01  0.1005761E+06
   01 -0.6421586E+05  0.4377580E+02 -0.2027482E+01 -0.1411449E+00  0.4784097E-01 -0.9111893E+01 -0.6321295E+01  0.1005734E+06
   01 -0.6413937E+05  0.4377622E+02 -0.2042205E+01 -0.1327143E+00  0.4825739E-01 -0.9136079E+01 -0.6337919E+01  0.1005706E+06
   01 -0.6406287E+05  0.4377664E+02 -0.2056715E+01 -0.1245389E+00  0.4868024E-01 -0.9160264E+01 -0.6354543E+01  0.1005679E+06
   01 -0.6398637E+05  0.4377707E+02 -0.2070972E+01 -0.1166794E+00  0.4910642E-01 -0.9184449E+01 -0.6371167E+01  0.1005652E+06
   01 -0.6390987E+05  0.4377749E+02 -0.2084940E+01 -0.1091988E+00  0.4953283E-01 -0.9208634E+01 -0.6387792E+01  0.1005624E+06
   01 -0.6383338E+05  0.4377792E+02 -0.2098596E+01 -0.1021517E+00  0.4995685E-01 -0.9232819E+01 -0.6404416E+01  0.1005597E+06
   01 -0.6375688E+05  0.4377834E+02 -0.2111938E+01 -0.9557379E-01  0.5037682E-01 -0.9257005E+01 -0.6421040E+01  0.1005570E+06
   01 -0.6368038E+05  0.4377875E+02 -0.2124995E+01 -0.8946942E-01  0.5079268E-01 -0.9281190E+01 -0.6437665E+01  0.1005542E+06
   01 -0.6360389E+05  0.4377917E+02 -0.2137828E+01 -0.8380278E-01  0.5120636E-01 -0.9305375E+01 -0.6454289E+01  0.1005515E+06
   01 -0.6352739E+05  0.4377958E+02 -0.2150543E+01 -0.7849120E-01  0.5162261E-01 -0.9329560E+01 -0.6470913E+01  0.1005488E+06
   01 -0.6345089E+05  0.4378001E+02 -0.2163273E+01 -0.7340382E-01  0.5204781E-01 -0.9353745E+01 -0.6487538E+01  0.1005460E+06
   01 -0.6337440E+05  0.4378045E+02 -0.2176180E+01 -0.6836242E-01  0.5249004E-01 -0.9377931E+01 -0.6504162E+01  0.1005433E+06
   01 -0.6329790E+05  0.4378092E+02 -0.2189444E+01 -0.6315298E-01  0.5295996E-01 -0.9402116E+01 -0.6520786E+01  0.1005406E+06
   01 -0.6322140E+05  0.4378143E+02 -0.2203239E+01 -0.5754946E-01  0.5346847E-01 -0.9426301E+01 -0.6537410E+01  0.1005378E+06
   01 -0.6314491E+05  0.4378199E+02 -0.2217712E+01 -0.5134040E-01  0.5402564E-01 -0.9450486E+01 -0.6554035E+01  0.1005351E+06
   01 -0.6306841E+05  0.4378260E+02 -0.2232948E+01 -0.4435793E-01  0.5464130E-01 -0.9474671E+01 -0.6570659E+01  0.1005324E+06
   01 -0.6299191E+05  0.4378328E+02 -0.2248991E+01 -0.3651015E-01  0.5531951E-01 -0.9498857E+01 -0.6587283E+01  0.1005296E+06
   01 -0.6291541E+05  0.4378402E+02 -0.2265810E+01 -0.2779186E-01  0.5606010E-01 -0.9523042E+01 -0.6603908E+01  0.1005269E+06
   01 -0.6283892E+05  0.4378482E+02 -0.2283302E+01 -0.1829284E-01  0.5685839E-01 -0.9547227E+01 -0.6620532E+01  0.1005242E+06
   01 -0.6276242E+05  0.4378567E+02 -0.2301298E+01 -0.8192817E-02  0.5770541E-01 -0.9571412E+01 -0.6637156E+01  0.1005214E+06
   01 -0.6268592E+05  0.4378655E+02 -0.2319584E+01  0.2256125E-02  0.5858879E-01 -0.9595597E+01 -0.6653781E+01  0.1005187E+06
   01 -0.6260943E+05  0.4378746E+02 -0.2337919E+01  0.1275654E-01  0.5949397E-01 -0.9619783E+01 -0.6670405E+01  0.1005160E+06
   01 -0.6253293E+05  0.4378837E+02 -0.2356065E+01  0.2299779E-01  0.6040566E-01 -0.9643968E+01 -0.6687029E+01  0.1005132E+06
   01 -0.6245643E+05  0.4378927E+02 -0.2373808E+01  0.3268982E-01  0.6130935E-01 -0.9668153E+01 -0.6703653E+01  0.1005105E+06
   01 -0.6237994E+05  0.4379015E+02 -0.2390977E+01  0.4158808E-01  0.6219267E-01 -0.9692338E+01 -0.6720278E+01  0.1005078E+06
   01 -0.6230344E+05  0.4379101E+02 -0.2407461E+01  0.4951710E-01  0.6304640E-01 -0.9716523E+01 -0.6736902E+01  0.1005050E+06
   01 -0.6222694E+05  0.4379183E+02 -0.2423213E+01  0.5637915E-01  0.6386483E-01 -0.9740709E+01 -0.6753526E+01  0.1005023E+06
   01 -0.6215045E+05  0.4379261E+02 -0.2438243E+01  0.6215388E-01  0.6464583E-01 -0.9764894E+01 -0.6770151E+01  0.1004996E+06
   01 -0.6207395E+05  0.4379335E+02 -0.2452615E+01  0.6688920E-01  0.6539047E-01 -0.9789079E+01 -0.6786775E+01  0.1004968E+06
   01 -0.6199745E+05  0.4379406E+02 -0.2466428E+01  0.7068636E-01  0.6610233E-01 -0.9813264E+01 -0.6803399E+01  0.1004941E+06
   01 -0.6192096E+05  0.4379475E+02 -0.2479807E+01  0.7368157E-01  0.6678672E-01 -0.9837449E+01 -0.6820024E+01  0.1004914E+06
   01 -0.6184446E+05  0.4379541E+02 -0.2492888E+01  0.7602686E-01  0.6745115E-01 -0.9861635E+01 -0.6836648E+01  0.1004886E+06
   01 -0.6176796E+05  0.4379606E+02 -0.2505801E+01  0.7787082E-01  0.6810285E-01 -0.9885820E+01 -0.6853272E+01  0.1004859E+06
   01 -0.6169146E+05  0.4379671E+02 -0.2518657E+01  0.7934790E-01  0.6874751E-01 -0.9910005E+01 -0.6869896E+01  0.1004832E+06
   01 -0.6161497E+05  0.4379735E+02 -0.2531550E+01  0.8057341E-01  0.6939001E-01 -0.9934190E+01 -0.6886521E+01  0.1004804E+06
   01 -0.6153847E+05  0.4379800E+02 -0.2544551E+01  0.8163909E-01  0.7003424E-01 -0.9958375E+01 -0.6903145E+01  0.1004777E+06
   01 -0.6146197E+05  0.4379864E+02 -0.2557715E+01  0.8261220E-01  0.7068300E-01 -0.9982561E+01 -0.6919769E+01  0.1004750E+06
   01 -0.6138548E+05  0.4379930E+02 -0.2571074E+01  0.8353740E-01  0.7133809E-01 -0.1000675E+02 -0.6936394E+01  0.1004722E+06
   01 -0.6130898E+05  0.4379996E+02 -0.2584646E+01  0.8444052E-01  0.7200043E-01 -0.1003093E+02 -0.6953018E+01  0.1004695E+06
   01 -0.6123248E+05  0.4380063E+02 -0.2598431E+01  0.8533306E-01  0.7267000E-01 -0.1005512E+02 -0.6969642E+01  0.1004668E+06
   01 -0.6115599E+05  0.4380131E+02 -0.2612413E+01  0.8621691E-01  0.7334617E-01 -0.1007930E+02 -0.6986267E+01  0.1004640E+06
   01 -0.6107949E+05  0.4380199E+02 -0.2626573E+01  0.8708839E-01  0.7402796E-01 -0.1010349E+02 -0.7002891E+01  0.1004613E+06
   01 -0.6100299E+05  0.4380268E+02 -0.2640888E+01  0.8794112E-01  0.7471424E-01 -0.1012767E+02 -0.7019515E+01  0.1004586E+06
   01 -0.6092650E+05  0.4380337E+02 -0.2655336E+01  0.8876785E-01  0.7540385E-01 -0.1015186E+02 -0.7036139E+01  0.1004558E+06
   01 -0.6085000E+05  0.4380406E+02 -0.2669897E+01  0.8956180E-01  0.7609571E-01 -0.1017604E+02 -0.7052764E+01  0.1004531E+06
   01 -0.6077350E+05  0.4380475E+02 -0.2684559E+01  0.9031739E-01  0.7678954E-01 -0.1020023E+02 -0.7069388E+01  0.1004504E+06
   01 -0.6069700E+05  0.4380545E+02 -0.2699314E+01  0.9102956E-01  0.7748539E-01 -0.1022441E+02 -0.7086012E+01  0.1004476E+06
   01 -0.6062051E+05  0.4380614E+02 -0.2714154E+01  0.9169430E-01  0.7818287E-01 -0.1024860E+02 -0.7102637E+01  0.1004449E+06
   01 -0.6054401E+05  0.4380684E+02 -0.2729076E+01  0.9231013E-01  0.7888170E-01 -0.1027278E+02 -0.7119261E+01  0.1004422E+06
   01 -0.6046751E+05  0.4380754E+02 -0.2744077E+01  0.9287732E-01  0.7958176E-01 -0.1029697E+02 -0.7135885E+01  0.1004394E+06
   01 -0.6039102E+05  0.4380824E+02 -0.2759161E+01  0.9339685E-01  0.8028301E-01 -0.1032115E+02 -0.7152509E+01  0.1004367E+06
   01 -0.6031452E+05  0.4380895E+02 -0.2774329E+01  0.9386952E-01  0.8098546E-01 -0.1034534E+02 -0.7169134E+01  0.1004340E+06
   01 -0.6023802E+05  0.4380965E+02 -0.2789589E+01  0.9429526E-01  0.8168912E-01 -0.1036952E+02 -0.7185758E+01  0.1004312E+06
   01 -0.6016153E+05  0.4381036E+02 -0.2804944E+01  0.9467287E-01  0.8239398E-01 -0.1039371E+02 -0.7202382E+01  0.1004285E+06
   01 -0.6008503E+05  0.4381106E+02 -0.2820398E+01  0.9500012E-01  0.8309995E-01 -0.1041789E+02 -0.7219007E+01  0.1004258E+06
   01 -0.6000853E+05  0.4381177E+02 -0.2835969E+01  0.9527430E-01  0.8380651E-01 -0.1044208E+02 -0.7235631E+01  0.1004230E+06
   01 -0.5993204E+05  0.4381248E+02 -0.2851668E+01  0.9549332E-01  0.8451327E-01 -0.1046626E+02 -0.7252255E+01  0.1004203E+06
   01 -0.5985554E+05  0.4381318E+02 -0.2867493E+01  0.9565639E-01  0.8522017E-01 -0.1049045E+02 -0.7268880E+01  0.1004176E+06
   01 -0.5977904E+05  0.4381389E+02 -0.2883439E+01  0.9576416E-01  0.8592715E-01 -0.1051463E+02 -0.7285504E+01  0.1004149E+06
   01 -0.5970255E+05  0.4381460E+02 -0.2899499E+01  0.9581819E-01  0.8663434E-01 -0.1053882E+02 -0.7302128E+01  0.1004121E+06
   01 -0.5962605E+05  0.4381530E+02 -0.2915663E+01  0.9581942E-01  0.8734156E-01 -0.1056301E+02 -0.7318752E+01  0.1004094E+06
   01 -0.5954955E+05  0.4381601E+02 -0.2931916E+01  0.9576771E-01  0.8804851E-01 -0.1058719E+02 -0.7335377E+01  0.1004067E+06
   01 -0.5947305E+05  0.4381672E+02 -0.2948241E+01  0.9566085E-01  0.8875482E-01 -0.1061138E+02 -0.7352001E+01  0.1004039E+06
   01 -0.5939656E+05  0.4381742E+02 -0.2964621E+01  0.9549399E-01  0.8946003E-01 -0.1063556E+02 -0.7368625E+01  0.1004012E+06
   01 -0.5932006E+05  0.4381813E+02 -0.2981037E+01  0.9525963E-01  0.9016358E-01 -0.1065975E+02 -0.7385250E+01  0.1003985E+06
   01 -0.5924356E+05  0.4381883E+02 -0.2997475E+01  0.9494771E-01  0.9086489E-01 -0.1068393E+02 -0.7401874E+01  0.1003957E+06
   01 -0.5916707E+05  0.4381953E+02 -0.3013918E+01  0.9454590E-01  0.9156329E-01 -0.1070812E+02 -0.7418498E+01  0.1003930E+06
   01 -0.5909057E+05  0.4382022E+02 -0.3030354E+01  0.9403986E-01  0.9225809E-01 -0.1073230E+02 -0.7435122E+01  0.1003903E+06
   01 -0.5901407E+05  0.4382091E+02 -0.3046770E+01  0.9341362E-01  0.9294852E-01 -0.1075649E+02 -0.7451747E+01  0.1003875E+06
   01 -0.5893758E+05  0.4382160E+02 -0.3063155E+01  0.9265007E-01  0.9363374E-01 -0.1078067E+02 -0.7468371E+01  0.1003848E+06
   01 -0.5886108E+05  0.4382227E+02 -0.3079496E+01  0.9173156E-01  0.9431288E-01 -0.1080486E+02 -0.7484995E+01  0.1003821E+06
   01 -0.5878458E+05  0.4382295E+02 -0.3095780E+01  0.9064055E-01  0.9498497E-01 -0.1082904E+02 -0.7501620E+01  0.1003793E+06
   01 -0.5870809E+05  0.4382361E+02 -0.3111995E+01  0.8936037E-01  0.9564901E-01 -0.1085323E+02 -0.7518244E+01  0.1003766E+06
   01 -0.5863159E+05  0.4382427E+02 -0.3128130E+01  0.8787595E-01  0.9630410E-01 -0.1087741E+02 -0.7534868E+01  0.1003739E+06
   01 -0.5855509E+05  0.4382491E+02 -0.3144179E+01  0.8617441E-01  0.9694938E-01 -0.1090160E+02 -0.7551493E+01  0.1003711E+06
   01 -0.5847860E+05  0.4382555E+02 -0.3160135E+01  0.8424543E-01  0.9758405E-01 -0.1092578E+02 -0.7568117E+01  0.1003684E+06
   01 -0.5840210E+05  0.4382617E+02 -0.3175993E+01  0.8208144E-01  0.9820736E-01 -0.1094997E+02 -0.7584741E+01  0.1003657E+06
   01 -0.5832560E+05  0.4382678E+02 -0.3191748E+01  0.7967753E-01  0.9881861E-01 -0.1097415E+02 -0.7601365E+01  0.1003629E+06
   01 -0.5824910E+05  0.4382738E+02 -0.3207399E+01  0.7703138E-01  0.9941729E-01 -0.1099834E+02 -0.7617990E+01  0.1003602E+06
   01 -0.5817261E+05  0.4382796E+02 -0.3222948E+01  0.7414333E-01  0.1000030E+00 -0.1102252E+02 -0.7634614E+01  0.1003575E+06
   01 -0.5809611E+05  0.4382854E+02 -0.3238401E+01  0.7101638E-01  0.1005757E+00 -0.1104671E+02 -0.7651238E+01  0.1003547E+06
   01 -0.5801961E+05  0.4382910E+02 -0.3253764E+01  0.6765612E-01  0.1011351E+00 -0.1107089E+02 -0.7667863E+01  0.1003520E+06
   01 -0.5794312E+05  0.4382964E+02 -0.3269046E+01  0.6407084E-01  0.1016813E+00 -0.1109508E+02 -0.7684487E+01  0.1003493E+06
   01 -0.5786662E+05  0.4383018E+02 -0.3284256E+01  0.6027131E-01  0.1022145E+00 -0.1111926E+02 -0.7701111E+01  0.1003465E+06
   01 -0.5779012E+05  0.4383070E+02 -0.3299403E+01  0.5627045E-01  0.1027348E+00 -0.1114345E+02 -0.7717735E+01  0.1003438E+06
   01 -0.5771363E+05  0.4383120E+02 -0.3314498E+01  0.5208253E-01  0.1032425E+00 -0.1116763E+02 -0.7734360E+01  0.1003411E+06
   01 -0.5763713E+05  0.4383170E+02 -0.3329549E+01  0.4772198E-01  0.1037380E+00 -0.1119182E+02 -0.7750984E+01  0.1003383E+06
   01 -0.5756063E+05  0.4383218E+02 -0.3344566E+01  0.4320233E-01  0.1042213E+00 -0.1121601E+02 -0.7767608E+01  0.1003356E+06
   01 -0.5748414E+05  0.4383265E+02 -0.3359557E+01  0.3853517E-01  0.1046928E+00 -0.1124019E+02 -0.7784233E+01  0.1003329E+06
   01 -0.5740764E+05  0.4383311E+02 -0.3374528E+01  0.3372940E-01  0.1051524E+00 -0.1126438E+02 -0.7800857E+01  0.1003301E+06
   01 -0.5733114E+05  0.4383356E+02 -0.3389485E+01  0.2879075E-01  0.1056002E+00 -0.1128856E+02 -0.7817481E+01  0.1003274E+06
   01 -0.5725465E+05  0.4383400E+02 -0.3404431E+01  0.2372198E-01  0.1060360E+00 -0.1131275E+02 -0.7834106E+01  0.1003247E+06
   01 -0.5717815E+05  0.4383442E+02 -0.3419371E+01  0.1852349E-01  0.1064596E+00 -0.1133693E+02 -0.7850730E+01  0.1003219E+06
   01 -0.5710165E+05  0.4383483E+02 -0.3434304E+01  0.1319422E-01  0.1068708E+00 -0.1136112E+02 -0.7867354E+01  0.1003192E+06
   01 -0.5702515E+05  0.4383523E+02 -0.3449232E+01  0.7732708E-02  0.1072691E+00 -0.1138530E+02 -0.7883978E+01  0.1003165E+06
   01 -0.5694866E+05  0.4383562E+02 -0.3464156E+01  0.2138192E-02  0.1076542E+00 -0.1140949E+02 -0.7900603E+01  0.1003137E+06
   01 -0.5687216E+05  0.4383599E+02 -0.3479077E+01 -0.3588524E-02  0.1080260E+00 -0.1143367E+02 -0.7917227E+01  0.1003110E+06
   01 -0.5679566E+05  0.4383635E+02 -0.3494000E+01 -0.9444411E-02  0.1083842E+00 -0.1145786E+02 -0.7933851E+01  0.1003083E+06
   01 -0.5671917E+05  0.4383669E+02 -0.3508929E+01 -0.1542389E-01  0.1087289E+00 -0.1148204E+02 -0.7950476E+01  0.1003055E+06
   01 -0.5664267E+05  0.4383702E+02 -0.3523872E+01 -0.2151885E-01  0.1090602E+00 -0.1150623E+02 -0.7967100E+01  0.1003028E+06
   01 -0.5656617E+05  0.4383734E+02 -0.3538838E+01 -0.2771885E-01  0.1093783E+00 -0.1153041E+02 -0.7983724E+01  0.1003001E+06
   01 -0.5648968E+05  0.4383765E+02 -0.3553840E+01 -0.3401137E-01  0.1096836E+00 -0.1155460E+02 -0.8000348E+01  0.1002973E+06
   01 -0.5641318E+05  0.4383794E+02 -0.3568894E+01 -0.4038212E-01  0.1099766E+00 -0.1157878E+02 -0.8016973E+01  0.1002946E+06
   01 -0.5633668E+05  0.4383822E+02 -0.3584017E+01 -0.4681494E-01  0.1102577E+00 -0.1160297E+02 -0.8033597E+01  0.1002919E+06
   01 -0.5626019E+05  0.4383849E+02 -0.3599224E+01 -0.5329189E-01  0.1105282E+00 -0.1162715E+02 -0.8050221E+01  0.1002891E+06
   01 -0.5618369E+05  0.4383875E+02 -0.3614538E+01 -0.5979524E-01  0.1107889E+00 -0.1165134E+02 -0.8066846E+01  0.1002864E+06
   01 -0.5610719E+05  0.4383900E+02 -0.3629972E+01 -0.6630574E-01  0.1110405E+00 -0.1167552E+02 -0.8083470E+01  0.1002837E+06
   01 -0.5603070E+05  0.4383924E+02 -0.3645532E+01 -0.7280276E-01  0.1112832E+00 -0.1169971E+02 -0.8100094E+01  0.1002809E+06
   01 -0.5595420E+05  0.4383948E+02 -0.3661226E+01 -0.7926497E-01  0.1115173E+00 -0.1172389E+02 -0.8116719E+01  0.1002782E+06
   01 -0.5587770E+05  0.4383971E+02 -0.3677063E+01 -0.8567100E-01  0.1117435E+00 -0.1174808E+02 -0.8133343E+01  0.1002755E+06
   01 -0.5580120E+05  0.4383992E+02 -0.3693055E+01 -0.9200003E-01  0.1119623E+00 -0.1177226E+02 -0.8149967E+01  0.1002727E+06
   01 -0.5572471E+05  0.4384014E+02 -0.3709218E+01 -0.9823245E-01  0.1121744E+00 -0.1179645E+02 -0.8166591E+01  0.1002700E+06
   01 -0.5564821E+05  0.4384034E+02 -0.3725571E+01 -0.1043503E+00  0.1123806E+00 -0.1182063E+02 -0.8183216E+01  0.1002673E+06
   01 -0.5557171E+05  0.4384054E+02 -0.3742134E+01 -0.1103376E+00  0.1125818E+00 -0.1184482E+02 -0.8199840E+01  0.1002645E+06
   01 -0.5549522E+05  0.4384074E+02 -0.3758926E+01 -0.1161808E+00  0.1127787E+00 -0.1186901E+02 -0.8216464E+01  0.1002618E+06
   01 -0.5541872E+05  0.4384093E+02 -0.3775969E+01 -0.1218688E+00  0.1129722E+00 -0.1189319E+02 -0.8233089E+01  0.1002591E+06
   01 -0.5534222E+05  0.4384112E+02 -0.3793281E+01 -0.1273932E+00  0.1131630E+00 -0.1191738E+02 -0.8249713E+01  0.1002563E+06
   01 -0.5526573E+05  0.4384131E+02 -0.3810883E+01 -0.1327476E+00  0.1133518E+00 -0.1194156E+02 -0.8266337E+01  0.1002536E+06
   01 -0.5518923E+05  0.4384150E+02 -0.3828791E+01 -0.1379275E+00  0.1135394E+00 -0.1196575E+02 -0.8282961E+01  0.1002509E+06
   01 -0.5511273E+05  0.4384169E+02 -0.3847024E+01 -0.1429300E+00  0.1137263E+00 -0.1198993E+02 -0.8299586E+01  0.1002482E+06
   01 -0.5503624E+05  0.4384187E+02 -0.3865595E+01 -0.1477530E+00  0.1139131E+00 -0.1201412E+02 -0.8316210E+01  0.1002454E+06
   01 -0.5495974E+05  0.4384206E+02 -0.3884522E+01 -0.1523949E+00  0.1141006E+00 -0.1203830E+02 -0.8332834E+01  0.1002427E+06
   01 -0.5488324E+05  0.4384225E+02 -0.3903820E+01 -0.1568538E+00  0.1142892E+00 -0.1206249E+02 -0.8349459E+01  0.1002400E+06
   01 -0.5480675E+05  0.4384244E+02 -0.3923502E+01 -0.1611272E+00  0.1144796E+00 -0.1208667E+02 -0.8366083E+01  0.1002372E+06
   01 -0.5473025E+05  0.4384263E+02 -0.3943579E+01 -0.1652119E+00  0.1146724E+00 -0.1211086E+02 -0.8382707E+01  0.1002345E+06
   01 -0.5465375E+05  0.4384283E+02 -0.3964062E+01 -0.1691040E+00  0.1148683E+00 -0.1213504E+02 -0.8399331E+01  0.1002318E+06
   01 -0.5457725E+05  0.4384303E+02 -0.3984958E+01 -0.1727990E+00  0.1150677E+00 -0.1215923E+02 -0.8415956E+01  0.1002290E+06
   01 -0.5450076E+05  0.4384323E+02 -0.4006270E+01 -0.1762926E+00  0.1152712E+00 -0.1218341E+02 -0.8432580E+01  0.1002263E+06
   01 -0.5442426E+05  0.4384344E+02 -0.4027993E+01 -0.1795808E+00  0.1154796E+00 -0.1220760E+02 -0.8449204E+01  0.1002236E+06
   01 -0.5434776E+05  0.4384366E+02 -0.4050123E+01 -0.1826615E+00  0.1156936E+00 -0.1223178E+02 -0.8465829E+01  0.1002208E+06
   01 -0.5427127E+05  0.4384388E+02 -0.4072652E+01 -0.1855346E+00  0.1159135E+00 -0.1225597E+02 -0.8482453E+01  0.1002181E+06
   01 -0.5419477E+05  0.4384410E+02 -0.4095568E+01 -0.1882017E+00  0.1161398E+00 -0.1228015E+02 -0.8499077E+01  0.1002154E+06
   01 -0.5411827E+05  0.4384433E+02 -0.4118861E+01 -0.1906662E+00  0.1163727E+00 -0.1230434E+02 -0.8515701E+01  0.1002126E+06
   01 -0.5404178E+05  0.4384457E+02 -0.4142514E+01 -0.1929335E+00  0.1166123E+00 -0.1232852E+02 -0.8532326E+01  0.1002099E+06
   01 -0.5396528E+05  0.4384482E+02 -0.4166513E+01 -0.1950110E+00  0.1168589E+00 -0.1235271E+02 -0.8548950E+01  0.1002072E+06
   01 -0.5388878E+05  0.4384507E+02 -0.4190842E+01 -0.1969073E+00  0.1171125E+00 -0.1237689E+02 -0.8565574E+01  0.1002044E+06
   01 -0.5381229E+05  0.4384533E+02 -0.4215487E+01 -0.1986329E+00  0.1173731E+00 -0.1240108E+02 -0.8582199E+01  0.1002017E+06
   01 -0.5373579E+05  0.4384560E+02 -0.4240430E+01 -0.2001988E+00  0.1176409E+00 -0.1242526E+02 -0.8598823E+01  0.1001990E+06
   01 -0.5365929E+05  0.4384588E+02 -0.4265657E+01 -0.2016169E+00  0.1179159E+00 -0.1244945E+02 -0.8615447E+01  0.1001962E+06
   01 -0.5358280E+05  0.4384616E+02 -0.4291153E+01 -0.2028996E+00  0.1181980E+00 -0.1247363E+02 -0.8632071E+01  0.1001935E+06
   01 -0.5350630E+05  0.4384645E+02 -0.4316903E+01 -0.2040590E+00  0.1184874E+00 -0.1249782E+02 -0.8648696E+01  0.1001908E+06
   01 -0.5342980E+05  0.4384675E+02 -0.4342893E+01 -0.2051071E+00  0.1187840E+00 -0.1252201E+02 -0.8665320E+01  0.1001880E+06
   01 -0.5335331E+05  0.4384705E+02 -0.4369111E+01 -0.2060553E+00  0.1190877E+00 -0.1254619E+02 -0.8681944E+01  0.1001853E+06
   01 -0.5327681E+05  0.4384736E+02 -0.4395543E+01 -0.2069145E+00  0.1193986E+00 -0.1257038E+02 -0.8698569E+01  0.1001826E+06
   01 -0.5320031E+05  0.4384768E+02 -0.4422176E+01 -0.2076948E+00  0.1197166E+00 -0.1259456E+02 -0.8715193E+01  0.1001798E+06
   01 -0.5312381E+05  0.4384800E+02 -0.4449000E+01 -0.2084059E+00  0.1200416E+00 -0.1261875E+02 -0.8731817E+01  0.1001771E+06
   01 -0.5304732E+05  0.4384834E+02 -0.4476004E+01 -0.2090565E+00  0.1203737E+00 -0.1264293E+02 -0.8748441E+01  0.1001744E+06
   01 -0.5297082E+05  0.4384867E+02 -0.4503177E+01 -0.2096549E+00  0.1207127E+00 -0.1266712E+02 -0.8765066E+01  0.1001716E+06
   01 -0.5289432E+05  0.4384902E+02 -0.4530513E+01 -0.2102083E+00  0.1210587E+00 -0.1269130E+02 -0.8781690E+01  0.1001689E+06
   01 -0.5281783E+05  0.4384937E+02 -0.4558006E+01 -0.2107232E+00  0.1214116E+00 -0.1271549E+02 -0.8798314E+01  0.1001662E+06
   01 -0.5274133E+05  0.4384973E+02 -0.4585653E+01 -0.2112053E+00  0.1217715E+00 -0.1273967E+02 -0.8814939E+01  0.1001634E+06
   01 -0.5266483E+05  0.4385010E+02 -0.4613452E+01 -0.2116595E+00  0.1221386E+00 -0.1276386E+02 -0.8831563E+01  0.1001607E+06
   01 -0.5258834E+05  0.4385047E+02 -0.4641404E+01 -0.2120910E+00  0.1225129E+00 -0.1278804E+02 -0.8848187E+01  0.1001580E+06
   01 -0.5251184E+05  0.4385086E+02 -0.4669508E+01 -0.2125049E+00  0.1228944E+00 -0.1281223E+02 -0.8864811E+01  0.1001552E+06
   01 -0.5243534E+05  0.4385124E+02 -0.4697764E+01 -0.2129073E+00  0.1232832E+00 -0.1283641E+02 -0.8881436E+01  0.1001525E+06
   01 -0.5235885E+05  0.4385164E+02 -0.4726174E+01 -0.2133050E+00  0.1236791E+00 -0.1286060E+02 -0.8898060E+01  0.1001498E+06
   01 -0.5228235E+05  0.4385204E+02 -0.4754737E+01 -0.2137056E+00  0.1240821E+00 -0.1288478E+02 -0.8914684E+01  0.1001470E+06
   01 -0.5220585E+05  0.4385245E+02 -0.4783451E+01 -0.2141179E+00  0.1244917E+00 -0.1290897E+02 -0.8931308E+01  0.1001443E+06
   01 -0.5212936E+05  0.4385287E+02 -0.4812313E+01 -0.2145516E+00  0.1249076E+00 -0.1293315E+02 -0.8947933E+01  0.1001416E+06
   01 -0.5205286E+05  0.4385329E+02 -0.4841315E+01 -0.2150172E+00  0.1253293E+00 -0.1295734E+02 -0.8964557E+01  0.1001388E+06
   01 -0.5197636E+05  0.4385372E+02 -0.4870450E+01 -0.2155268E+00  0.1257561E+00 -0.1298152E+02 -0.8981181E+01  0.1001361E+06
   01 -0.5189987E+05  0.4385415E+02 -0.4899706E+01 -0.2160930E+00  0.1261871E+00 -0.1300571E+02 -0.8997806E+01  0.1001334E+06
   01 -0.5182337E+05  0.4385458E+02 -0.4929072E+01 -0.2167292E+00  0.1266215E+00 -0.1302989E+02 -0.9014430E+01  0.1001306E+06
   01 -0.5174687E+05  0.4385502E+02 -0.4958535E+01 -0.2174494E+00  0.1270583E+00 -0.1305408E+02 -0.9031054E+01  0.1001279E+06
   01 -0.5167038E+05  0.4385546E+02 -0.4988082E+01 -0.2182673E+00  0.1274965E+00 -0.1307826E+02 -0.9047678E+01  0.1001252E+06
   01 -0.5159388E+05  0.4385590E+02 -0.5017701E+01 -0.2191964E+00  0.1279352E+00 -0.1310245E+02 -0.9064303E+01  0.1001224E+06
   01 -0.5151738E+05  0.4385634E+02 -0.5047379E+01 -0.2202493E+00  0.1283734E+00 -0.1312663E+02 -0.9080927E+01  0.1001197E+06
   01 -0.5144089E+05  0.4385677E+02 -0.5077106E+01 -0.2214380E+00  0.1288101E+00 -0.1315082E+02 -0.9097551E+01  0.1001170E+06
   01 -0.5136439E+05  0.4385721E+02 -0.5106870E+01 -0.2227732E+00  0.1292445E+00 -0.1317500E+02 -0.9114175E+01  0.1001142E+06
   01 -0.5128789E+05  0.4385764E+02 -0.5136662E+01 -0.2242646E+00  0.1296755E+00 -0.1319919E+02 -0.9130800E+01  0.1001115E+06
   01 -0.5121139E+05  0.4385806E+02 -0.5166472E+01 -0.2259209E+00  0.1301024E+00 -0.1322337E+02 -0.9147424E+01  0.1001088E+06
   01 -0.5113490E+05  0.4385849E+02 -0.5196292E+01 -0.2277494E+00  0.1305244E+00 -0.1324756E+02 -0.9164048E+01  0.1001060E+06
   01 -0.5105840E+05  0.4385890E+02 -0.5226115E+01 -0.2297566E+00  0.1309406E+00 -0.1327175E+02 -0.9180673E+01  0.1001033E+06
   01 -0.5098190E+05  0.4385931E+02 -0.5255935E+01 -0.2319476E+00  0.1313504E+00 -0.1329593E+02 -0.9197297E+01  0.1001006E+06
   01 -0.5090541E+05  0.4385972E+02 -0.5285752E+01 -0.2343263E+00  0.1317533E+00 -0.1332012E+02 -0.9213921E+01  0.1000978E+06
   01 -0.5082891E+05  0.4386011E+02 -0.5315565E+01 -0.2368956E+00  0.1321487E+00 -0.1334430E+02 -0.9230545E+01  0.1000951E+06
   01 -0.5075241E+05  0.4386050E+02 -0.5345379E+01 -0.2396569E+00  0.1325364E+00 -0.1336849E+02 -0.9247170E+01  0.1000924E+06
   01 -0.5067592E+05  0.4386088E+02 -0.5375199E+01 -0.2426103E+00  0.1329160E+00 -0.1339267E+02 -0.9263794E+01  0.1000897E+06
   01 -0.5059942E+05  0.4386125E+02 -0.5405031E+01 -0.2457550E+00  0.1332874E+00 -0.1341686E+02 -0.9280418E+01  0.1000869E+06
   01 -0.5052292E+05  0.4386161E+02 -0.5434883E+01 -0.2490888E+00  0.1336503E+00 -0.1344104E+02 -0.9297042E+01  0.1000842E+06
   01 -0.5044643E+05  0.4386197E+02 -0.5464764E+01 -0.2526076E+00  0.1340046E+00 -0.1346523E+02 -0.9313667E+01  0.1000815E+06
   01 -0.5036993E+05  0.4386231E+02 -0.5494683E+01 -0.2563053E+00  0.1343504E+00 -0.1348941E+02 -0.9330291E+01  0.1000787E+06
   01 -0.5029343E+05  0.4386265E+02 -0.5524649E+01 -0.2601734E+00  0.1346875E+00 -0.1351360E+02 -0.9346915E+01  0.1000760E+06
   01 -0.5021694E+05  0.4386298E+02 -0.5554671E+01 -0.2642025E+00  0.1350162E+00 -0.1353778E+02 -0.9363540E+01  0.1000733E+06
   01 -0.5014044E+05  0.4386330E+02 -0.5584759E+01 -0.2683827E+00  0.1353364E+00 -0.1356197E+02 -0.9380164E+01  0.1000705E+06
   01 -0.5006394E+05  0.4386361E+02 -0.5614921E+01 -0.2727042E+00  0.1356482E+00 -0.1358615E+02 -0.9396788E+01  0.1000678E+06
   01 -0.4998745E+05  0.4386391E+02 -0.5645167E+01 -0.2771577E+00  0.1359518E+00 -0.1361034E+02 -0.9413412E+01  0.1000651E+06
   01 -0.4991095E+05  0.4386421E+02 -0.5675505E+01 -0.2817344E+00  0.1362471E+00 -0.1363452E+02 -0.9430037E+01  0.1000623E+06
   01 -0.4983445E+05  0.4386450E+02 -0.5705943E+01 -0.2864256E+00  0.1365343E+00 -0.1365871E+02 -0.9446661E+01  0.1000596E+06
   01 -0.4975796E+05  0.4386478E+02 -0.5736489E+01 -0.2912222E+00  0.1368134E+00 -0.1368289E+02 -0.9463285E+01  0.1000569E+06
   01 -0.4968146E+05  0.4386505E+02 -0.5767152E+01 -0.2961144E+00  0.1370846E+00 -0.1370708E+02 -0.9479909E+01  0.1000541E+06
   01 -0.4960496E+05  0.4386531E+02 -0.5797941E+01 -0.3010916E+00  0.1373480E+00 -0.1373126E+02 -0.9496534E+01  0.1000514E+06
   01 -0.4952847E+05  0.4386557E+02 -0.5828865E+01 -0.3061422E+00  0.1376040E+00 -0.1375545E+02 -0.9513158E+01  0.1000487E+06
   01 -0.4945197E+05  0.4386581E+02 -0.5859934E+01 -0.3112537E+00  0.1378528E+00 -0.1377963E+02 -0.9529782E+01  0.1000459E+06
   01 -0.4937547E+05  0.4386606E+02 -0.5891156E+01 -0.3164135E+00  0.1380946E+00 -0.1380382E+02 -0.9546407E+01  0.1000432E+06
   01 -0.4929898E+05  0.4386629E+02 -0.5922540E+01 -0.3216089E+00  0.1383299E+00 -0.1382800E+02 -0.9563031E+01  0.1000405E+06
   01 -0.4922248E+05  0.4386652E+02 -0.5954097E+01 -0.3268278E+00  0.1385590E+00 -0.1385219E+02 -0.9579655E+01  0.1000377E+06
   01 -0.4914598E+05  0.4386674E+02 -0.5985836E+01 -0.3320582E+00  0.1387821E+00 -0.1387637E+02 -0.9596279E+01  0.1000350E+06
   01 -0.4906949E+05  0.4386696E+02 -0.6017765E+01 -0.3372889E+00  0.1389998E+00 -0.1390056E+02 -0.9612904E+01  0.1000323E+06
   01 -0.4899299E+05  0.4386717E+02 -0.6049894E+01 -0.3425089E+00  0.1392124E+00 -0.1392474E+02 -0.9629528E+01  0.1000295E+06
   01 -0.4891649E+05  0.4386738E+02 -0.6082231E+01 -0.3477081E+00  0.1394202E+00 -0.1394893E+02 -0.9646152E+01  0.1000268E+06
   01 -0.4883999E+05  0.4386759E+02 -0.6114785E+01 -0.3528767E+00  0.1396236E+00 -0.1397311E+02 -0.9662776E+01  0.1000241E+06
   01 -0.4876350E+05  0.4386778E+02 -0.6147564E+01 -0.3580057E+00  0.1398230E+00 -0.1399730E+02 -0.9679401E+01  0.1000213E+06
   01 -0.4868700E+05  0.4386798E+02 -0.6180576E+01 -0.3630865E+00  0.1400188E+00 -0.1402148E+02 -0.9696025E+01  0.1000186E+06
   01 -0.4861050E+05  0.4386817E+02 -0.6213827E+01 -0.3681108E+00  0.1402114E+00 -0.1404567E+02 -0.9712649E+01  0.1000159E+06
   01 -0.4853401E+05  0.4386836E+02 -0.6247325E+01 -0.3730706E+00  0.1404011E+00 -0.1406986E+02 -0.9729273E+01  0.1000131E+06
   01 -0.4845751E+05  0.4386855E+02 -0.6281078E+01 -0.3779570E+00  0.1405884E+00 -0.1409404E+02 -0.9745898E+01  0.1000104E+06
   01 -0.4838101E+05  0.4386874E+02 -0.6315092E+01 -0.3827613E+00  0.1407738E+00 -0.1411823E+02 -0.9762522E+01  0.1000077E+06
   01 -0.4830452E+05  0.4386892E+02 -0.6349376E+01 -0.3874756E+00  0.1409578E+00 -0.1414241E+02 -0.9779146E+01  0.1000049E+06
   01 -0.4822802E+05  0.4386910E+02 -0.6383936E+01 -0.3920940E+00  0.1411409E+00 -0.1416660E+02 -0.9795771E+01  0.1000022E+06
   01 -0.4815152E+05  0.4386929E+02 -0.6418780E+01 -0.3966093E+00  0.1413235E+00 -0.1419078E+02 -0.9812395E+01  0.9999947E+05
   01 -0.4807503E+05  0.4386947E+02 -0.6453912E+01 -0.4010151E+00  0.1415061E+00 -0.1421497E+02 -0.9829019E+01  0.9999674E+05
   01 -0.4799853E+05  0.4386965E+02 -0.6489337E+01 -0.4053067E+00  0.1416892E+00 -0.1423915E+02 -0.9845643E+01  0.9999400E+05
   01 -0.4792203E+05  0.4386983E+02 -0.6525057E+01 -0.4094818E+00  0.1418731E+00 -0.1426334E+02 -0.9862268E+01  0.9999127E+05
   01 -0.4784554E+05  0.4387002E+02 -0.6561076E+01 -0.4135396E+00  0.1420581E+00 -0.1428752E+02 -0.9878892E+01  0.9998854E+05
   01 -0.4776904E+05  0.4387021E+02 -0.6597393E+01 -0.4174798E+00  0.1422444E+00 -0.1431171E+02 -0.9895516E+01  0.9998581E+05
   01 -0.4769254E+05  0.4387039E+02 -0.6634006E+01 -0.4213027E+00  0.1424323E+00 -0.1433589E+02 -0.9912140E+01  0.9998307E+05
   01 -0.4761605E+05  0.4387058E+02 -0.6670914E+01 -0.4250080E+00  0.1426220E+00 -0.1436008E+02 -0.9928765E+01  0.9998034E+05
   01 -0.4753955E+05  0.4387078E+02 -0.6708113E+01 -0.4285965E+00  0.1428138E+00 -0.1438426E+02 -0.9945389E+01  0.9997761E+05
   01 -0.4746305E+05  0.4387097E+02 -0.6745601E+01 -0.4320668E+00  0.1430079E+00 -0.1440845E+02 -0.9962013E+01  0.9997487E+05
   01 -0.4738656E+05  0.4387117E+02 -0.6783376E+01 -0.4354162E+00  0.1432047E+00 -0.1443263E+02 -0.9978637E+01  0.9997214E+05
   01 -0.4731006E+05  0.4387137E+02 -0.6821435E+01 -0.4386421E+00  0.1434045E+00 -0.1445682E+02 -0.9995262E+01  0.9996941E+05
   01 -0.4723356E+05  0.4387157E+02 -0.6859777E+01 -0.4417428E+00  0.1436076E+00 -0.1448100E+02 -0.1001189E+02  0.9996668E+05
   01 -0.4715707E+05  0.4387178E+02 -0.6898402E+01 -0.4447176E+00  0.1438144E+00 -0.1450519E+02 -0.1002851E+02  0.9996394E+05
   01 -0.4708057E+05  0.4387199E+02 -0.6937303E+01 -0.4475671E+00  0.1440251E+00 -0.1452937E+02 -0.1004513E+02  0.9996121E+05
   01 -0.4700407E+05  0.4387220E+02 -0.6976467E+01 -0.4502931E+00  0.1442396E+00 -0.1455356E+02 -0.1006176E+02  0.9995848E+05
   01 -0.4692758E+05  0.4387242E+02 -0.7015883E+01 -0.4528982E+00  0.1444579E+00 -0.1457774E+02 -0.1007838E+02  0.9995575E+05
   01 -0.4685108E+05  0.4387264E+02 -0.7055540E+01 -0.4553853E+00  0.1446801E+00 -0.1460193E+02 -0.1009501E+02  0.9995301E+05
   01 -0.4677458E+05  0.4387287E+02 -0.7095429E+01 -0.4577579E+00  0.1449062E+00 -0.1462611E+02 -0.1011163E+02  0.9995028E+05
   01 -0.4669809E+05  0.4387310E+02 -0.7135047E+01 -0.4600233E+00  0.1451363E+00 -0.1465030E+02 -0.1012826E+02  0.9994755E+05
   01 -0.4662159E+05  0.4387333E+02 -0.7174961E+01 -0.4621857E+00  0.1453701E+00 -0.1467448E+02 -0.1014488E+02  0.9994481E+05
   01 -0.4654509E+05  0.4387357E+02 -0.7215154E+01 -0.4642482E+00  0.1456076E+00 -0.1469867E+02 -0.1016150E+02  0.9994208E+05
   01 -0.4646860E+05  0.4387381E+02 -0.7255618E+01 -0.4662155E+00  0.1458494E+00 -0.1472285E+02 -0.1017813E+02  0.9993935E+05
   01 -0.4639210E+05  0.4387406E+02 -0.7296343E+01 -0.4680917E+00  0.1460955E+00 -0.1474704E+02 -0.1019475E+02  0.9993662E+05
   01 -0.4631560E+05  0.4387431E+02 -0.7337326E+01 -0.4698783E+00  0.1463464E+00 -0.1477122E+02 -0.1021138E+02  0.9993388E+05
   01 -0.4623911E+05  0.4387456E+02 -0.7378562E+01 -0.4715737E+00  0.1466027E+00 -0.1479541E+02 -0.1022800E+02  0.9993115E+05
   01 -0.4616261E+05  0.4387483E+02 -0.7420052E+01 -0.4731715E+00  0.1468649E+00 -0.1481959E+02 -0.1024463E+02  0.9992842E+05
   01 -0.4608611E+05  0.4387510E+02 -0.7461791E+01 -0.4746648E+00  0.1471338E+00 -0.1484378E+02 -0.1026125E+02  0.9992568E+05
   01 -0.4600962E+05  0.4387537E+02 -0.7503767E+01 -0.4760520E+00  0.1474093E+00 -0.1486797E+02 -0.1027787E+02  0.9992295E+05
   01 -0.4593312E+05  0.4387565E+02 -0.7545965E+01 -0.4773375E+00  0.1476915E+00 -0.1489215E+02 -0.1029450E+02  0.9992022E+05
   01 -0.4585662E+05  0.4387594E+02 -0.7588366E+01 -0.4785303E+00  0.1479798E+00 -0.1491634E+02 -0.1031112E+02  0.9991749E+05
   01 -0.4578013E+05  0.4387624E+02 -0.7630951E+01 -0.4796415E+00  0.1482738E+00 -0.1494052E+02 -0.1032775E+02  0.9991475E+05
   01 -0.4570363E+05  0.4387654E+02 -0.7673705E+01 -0.4806817E+00  0.1485733E+00 -0.1496471E+02 -0.1034437E+02  0.9991202E+05
   01 -0.4562713E+05  0.4387684E+02 -0.7716615E+01 -0.4816589E+00  0.1488779E+00 -0.1498889E+02 -0.1036100E+02  0.9990929E+05
   01 -0.4555063E+05  0.4387715E+02 -0.7759670E+01 -0.4825788E+00  0.1491877E+00 -0.1501308E+02 -0.1037762E+02  0.9990656E+05
   01 -0.4547414E+05  0.4387746E+02 -0.7802862E+01 -0.4834443E+00  0.1495025E+00 -0.1503726E+02 -0.1039424E+02  0.9990382E+05
   01 -0.4539764E+05  0.4387778E+02 -0.7846171E+01 -0.4842598E+00  0.1498222E+00 -0.1506145E+02 -0.1041087E+02  0.9990109E+05
   01 -0.4532114E+05  0.4387811E+02 -0.7889574E+01 -0.4850288E+00  0.1501462E+00 -0.1508563E+02 -0.1042749E+02  0.9989836E+05
   01 -0.4524465E+05  0.4387844E+02 -0.7933059E+01 -0.4857567E+00  0.1504743E+00 -0.1510982E+02 -0.1044412E+02  0.9989562E+05
   01 -0.4516815E+05  0.4387877E+02 -0.7976623E+01 -0.4864506E+00  0.1508065E+00 -0.1513400E+02 -0.1046074E+02  0.9989289E+05
   01 -0.4509165E+05  0.4387910E+02 -0.8020268E+01 -0.4871197E+00  0.1511429E+00 -0.1515819E+02 -0.1047737E+02  0.9989016E+05
   01 -0.4501516E+05  0.4387945E+02 -0.8063998E+01 -0.4877737E+00  0.1514836E+00 -0.1518237E+02 -0.1049399E+02  0.9988743E+05
   01 -0.4493866E+05  0.4387979E+02 -0.8107819E+01 -0.4884226E+00  0.1518285E+00 -0.1520656E+02 -0.1051061E+02  0.9988469E+05
   01 -0.4486216E+05  0.4388014E+02 -0.8151735E+01 -0.4890754E+00  0.1521779E+00 -0.1523074E+02 -0.1052724E+02  0.9988196E+05
   01 -0.4478567E+05  0.4388049E+02 -0.8195753E+01 -0.4897392E+00  0.1525316E+00 -0.1525493E+02 -0.1054386E+02  0.9987923E+05
   01 -0.4470917E+05  0.4388085E+02 -0.8239875E+01 -0.4904207E+00  0.1528896E+00 -0.1527911E+02 -0.1056049E+02  0.9987649E+05
   01 -0.4463267E+05  0.4388121E+02 -0.8284101E+01 -0.4911266E+00  0.1532517E+00 -0.1530330E+02 -0.1057711E+02  0.9987376E+05
   01 -0.4455618E+05  0.4388158E+02 -0.8328428E+01 -0.4918640E+00  0.1536177E+00 -0.1532748E+02 -0.1059374E+02  0.9987103E+05
   01 -0.4447968E+05  0.4388195E+02 -0.8372847E+01 -0.4926401E+00  0.1539871E+00 -0.1535167E+02 -0.1061036E+02  0.9986830E+05
   01 -0.4440318E+05  0.4388232E+02 -0.8417347E+01 -0.4934647E+00  0.1543591E+00 -0.1537585E+02 -0.1062698E+02  0.9986556E+05
   01 -0.4432669E+05  0.4388269E+02 -0.8461905E+01 -0.4943593E+00  0.1547326E+00 -0.1540004E+02 -0.1064361E+02  0.9986283E+05
   01 -0.4425019E+05  0.4388307E+02 -0.8506502E+01 -0.4953550E+00  0.1551060E+00 -0.1542422E+02 -0.1066023E+02  0.9986010E+05
   01 -0.4417369E+05  0.4388344E+02 -0.8551125E+01 -0.4964823E+00  0.1554780E+00 -0.1544841E+02 -0.1067686E+02  0.9985737E+05
   01 -0.4409720E+05  0.4388381E+02 -0.8595769E+01 -0.4977655E+00  0.1558477E+00 -0.1547259E+02 -0.1069348E+02  0.9985463E+05
   01 -0.4402070E+05  0.4388418E+02 -0.8640439E+01 -0.4992199E+00  0.1562146E+00 -0.1549678E+02 -0.1071010E+02  0.9985190E+05
   01 -0.4394420E+05  0.4388454E+02 -0.8685147E+01 -0.5008525E+00  0.1565786E+00 -0.1552096E+02 -0.1072673E+02  0.9984917E+05
   01 -0.4386771E+05  0.4388490E+02 -0.8729906E+01 -0.5026639E+00  0.1569398E+00 -0.1554515E+02 -0.1074335E+02  0.9984643E+05
   01 -0.4379121E+05  0.4388526E+02 -0.8774774E+01 -0.5046385E+00  0.1573001E+00 -0.1556933E+02 -0.1075998E+02  0.9984370E+05
   01 -0.4371471E+05  0.4388562E+02 -0.8819815E+01 -0.5067598E+00  0.1576615E+00 -0.1559352E+02 -0.1077660E+02  0.9984097E+05
   01 -0.4363822E+05  0.4388599E+02 -0.8865050E+01 -0.5090234E+00  0.1580243E+00 -0.1561770E+02 -0.1079323E+02  0.9983824E+05
   01 -0.4356172E+05  0.4388635E+02 -0.8910482E+01 -0.5114313E+00  0.1583882E+00 -0.1564189E+02 -0.1080985E+02  0.9983550E+05
   01 -0.4348522E+05  0.4388671E+02 -0.8956108E+01 -0.5139859E+00  0.1587526E+00 -0.1566607E+02 -0.1082647E+02  0.9983277E+05
   01 -0.4340873E+05  0.4388708E+02 -0.9001917E+01 -0.5166892E+00  0.1591167E+00 -0.1569026E+02 -0.1084310E+02  0.9983004E+05
   01 -0.4333223E+05  0.4388744E+02 -0.9047891E+01 -0.5195407E+00  0.1594796E+00 -0.1571445E+02 -0.1085972E+02  0.9982731E+05
   01 -0.4325573E+05  0.4388780E+02 -0.9094010E+01 -0.5225379E+00  0.1598403E+00 -0.1573863E+02 -0.1087635E+02  0.9982457E+05
