# gauge_id= 2 location=( -0.8995826667E+02  0.2926460167E+02 ) num_var=  7
# Stationary gauge
# level, time, q[  1  2  3], eta, aux[  5  6  7]
# file format ascii, time series follow in this file
   01 -0.8640000E+05  0.9714236E+00  0.0000000E+00  0.0000000E+00  0.0000000E+00 -0.2366525E+01 -0.1724738E+01  0.1010849E+06
   01 -0.8639998E+05  0.9714236E+00 -0.9116288E-07 -0.1145804E-06  0.4639558E-08 -0.2366528E+01 -0.1724740E+01  0.1010849E+06
   01 -0.8632349E+05  0.9714436E+00 -0.4368119E-03 -0.5667562E-03  0.1995963E-04 -0.2382521E+01 -0.1735657E+01  0.1010836E+06
   01 -0.8624699E+05  0.9714630E+00 -0.8763442E-03 -0.1113545E-02  0.3934099E-04 -0.2398514E+01 -0.1746574E+01  0.1010824E+06
   01 -0.8617049E+05  0.9714805E+00 -0.1318450E-02 -0.1654749E-02  0.5681212E-04 -0.2414507E+01 -0.1757491E+01  0.1010812E+06
   01 -0.8609400E+05  0.9714960E+00 -0.1762885E-02 -0.2190224E-02  0.7238995E-04 -0.2430499E+01 -0.1768408E+01  0.1010799E+06
   01 -0.8601750E+05  0.9715097E+00 -0.2209411E-02 -0.2719836E-02  0.8609212E-04 -0.2446492E+01 -0.1779325E+01  0.1010787E+06
   01 -0.8594100E+05  0.9715216E+00 -0.2657790E-02 -0.3243457E-02  0.9793695E-04 -0.2462485E+01 -0.1790242E+01  0.1010775E+06
   01 -0.8586450E+05  0.9715316E+00 -0.3107793E-02 -0.3760965E-02  0.1079435E-03 -0.2478478E+01 -0.1801159E+01  0.1010762E+06
   01 -0.8578801E+05  0.9715398E+00 -0.3559194E-02 -0.4272246E-02  0.1161317E-03 -0.2494471E+01 -0.1812076E+01  0.1010750E+06
   01 -0.8571151E+05  0.9715462E+00 -0.4011772E-02 -0.4777190E-02  0.1225221E-03 -0.2510463E+01 -0.1822993E+01  0.1010737E+06
   01 -0.8563501E+05  0.9715508E+00 -0.4465314E-02 -0.5275703E-02  0.1271354E-03 -0.2526456E+01 -0.1833910E+01  0.1010725E+06
   01 -0.8555852E+05  0.9715536E+00 -0.4919610E-02 -0.5767698E-02  0.1299928E-03 -0.2542449E+01 -0.1844827E+01  0.1010713E+06
   01 -0.8548202E+05  0.9715548E+00 -0.5374457E-02 -0.6253097E-02  0.1311160E-03 -0.2558442E+01 -0.1855744E+01  0.1010700E+06
   01 -0.8540552E+05  0.9715542E+00 -0.5829660E-02 -0.6731829E-02  0.1305270E-03 -0.2574435E+01 -0.1866662E+01  0.1010688E+06
   01 -0.8532902E+05  0.9715519E+00 -0.6285028E-02 -0.7203837E-02  0.1282481E-03 -0.2590427E+01 -0.1877579E+01  0.1010676E+06
   01 -0.8525253E+05  0.9715480E+00 -0.6740383E-02 -0.7669809E-02  0.1243583E-03 -0.2606420E+01 -0.1888496E+01  0.1010663E+06
   01 -0.8517603E+05  0.9715427E+00 -0.7195569E-02 -0.8132839E-02  0.1191028E-03 -0.2622413E+01 -0.1899413E+01  0.1010651E+06
   01 -0.8509953E+05  0.9715361E+00 -0.7650430E-02 -0.8592799E-02  0.1124886E-03 -0.2638406E+01 -0.1910330E+01  0.1010639E+06
   01 -0.8502304E+05  0.9715282E+00 -0.8104817E-02 -0.9049567E-02  0.1045225E-03 -0.2654398E+01 -0.1921247E+01  0.1010626E+06
   01 -0.8494654E+05  0.9715189E+00 -0.8558582E-02 -0.9503040E-02  0.9521100E-04 -0.2670391E+01 -0.1932164E+01  0.1010614E+06
   01 -0.8487004E+05  0.9715082E+00 -0.9011588E-02 -0.9953126E-02  0.8456037E-04 -0.2686384E+01 -0.1943081E+01  0.1010602E+06
   01 -0.8479355E+05  0.9714962E+00 -0.9463700E-02 -0.1039976E-01  0.7257564E-04 -0.2702377E+01 -0.1953998E+01  0.1010589E+06
   01 -0.8471705E+05  0.9714829E+00 -0.9914789E-02 -0.1084236E-01  0.5929943E-04 -0.2718370E+01 -0.1964915E+01  0.1010577E+06
   01 -0.8464055E+05  0.9714684E+00 -0.1036473E-01 -0.1128089E-01  0.4473796E-04 -0.2734362E+01 -0.1975832E+01  0.1010565E+06
   01 -0.8456405E+05  0.9714525E+00 -0.1081341E-01 -0.1171576E-01  0.2886580E-04 -0.2750355E+01 -0.1986749E+01  0.1010552E+06
   01 -0.8448756E+05  0.9714353E+00 -0.1126072E-01 -0.1214729E-01  0.1165009E-04 -0.2766348E+01 -0.1997666E+01  0.1010540E+06
   01 -0.8441106E+05  0.9714167E+00 -0.1170655E-01 -0.1257578E-01 -0.6938107E-05 -0.2782341E+01 -0.2008583E+01  0.1010528E+06
   01 -0.8433456E+05  0.9713950E+00 -0.1215205E-01 -0.1297814E-01 -0.2861172E-04 -0.2798333E+01 -0.2019500E+01  0.1010515E+06
   01 -0.8425807E+05  0.9713708E+00 -0.1259552E-01 -0.1336183E-01 -0.5287742E-04 -0.2814326E+01 -0.2030417E+01  0.1010503E+06
   01 -0.8418157E+05  0.9713443E+00 -0.1303703E-01 -0.1373252E-01 -0.7938980E-04 -0.2830319E+01 -0.2041335E+01  0.1010490E+06
   01 -0.8410507E+05  0.9713162E+00 -0.1347646E-01 -0.1409894E-01 -0.1074508E-03 -0.2846312E+01 -0.2052252E+01  0.1010478E+06
   01 -0.8402857E+05  0.9712865E+00 -0.1391382E-01 -0.1446206E-01 -0.1371311E-03 -0.2862305E+01 -0.2063169E+01  0.1010466E+06
   01 -0.8395208E+05  0.9712551E+00 -0.1434909E-01 -0.1482315E-01 -0.1685396E-03 -0.2878297E+01 -0.2074086E+01  0.1010453E+06
   01 -0.8387558E+05  0.9712218E+00 -0.1478224E-01 -0.1518335E-01 -0.2017943E-03 -0.2894290E+01 -0.2085003E+01  0.1010441E+06
   01 -0.8379908E+05  0.9711865E+00 -0.1521323E-01 -0.1554486E-01 -0.2371104E-03 -0.2910283E+01 -0.2095920E+01  0.1010429E+06
   01 -0.8372259E+05  0.9711489E+00 -0.1564203E-01 -0.1591015E-01 -0.2747553E-03 -0.2926276E+01 -0.2106837E+01  0.1010416E+06
   01 -0.8364609E+05  0.9711085E+00 -0.1606862E-01 -0.1628309E-01 -0.3151447E-03 -0.2942269E+01 -0.2117754E+01  0.1010404E+06
   01 -0.8356959E+05  0.9710649E+00 -0.1649297E-01 -0.1666755E-01 -0.3587093E-03 -0.2958261E+01 -0.2128671E+01  0.1010392E+06
   01 -0.8349309E+05  0.9710179E+00 -0.1691508E-01 -0.1706483E-01 -0.4057102E-03 -0.2974254E+01 -0.2139588E+01  0.1010379E+06
   01 -0.8341660E+05  0.9709672E+00 -0.1733492E-01 -0.1747676E-01 -0.4564475E-03 -0.2990247E+01 -0.2150505E+01  0.1010367E+06
   01 -0.8334010E+05  0.9709124E+00 -0.1775248E-01 -0.1790522E-01 -0.5112396E-03 -0.3006240E+01 -0.2161422E+01  0.1010355E+06
   01 -0.8326360E+05  0.9708527E+00 -0.1816769E-01 -0.1835626E-01 -0.5709275E-03 -0.3022232E+01 -0.2172339E+01  0.1010342E+06
   01 -0.8318711E+05  0.9707880E+00 -0.1858055E-01 -0.1882988E-01 -0.6356667E-03 -0.3038225E+01 -0.2183256E+01  0.1010330E+06
   01 -0.8311061E+05  0.9707182E+00 -0.1899103E-01 -0.1932471E-01 -0.7054647E-03 -0.3054218E+01 -0.2194173E+01  0.1010318E+06
   01 -0.8303411E+05  0.9706433E+00 -0.1939911E-01 -0.1984000E-01 -0.7803642E-03 -0.3070211E+01 -0.2205090E+01  0.1010305E+06
   01 -0.8295762E+05  0.9705632E+00 -0.1980476E-01 -0.2037626E-01 -0.8604911E-03 -0.3086204E+01 -0.2216007E+01  0.1010293E+06
   01 -0.8288112E+05  0.9702627E+00 -0.2020328E-01 -0.2306121E-01 -0.1160907E-02 -0.3102196E+01 -0.2226925E+01  0.1010280E+06
   01 -0.8280462E+05  0.9697137E+00 -0.2059158E-01 -0.2801414E-01 -0.1709892E-02 -0.3118189E+01 -0.2237842E+01  0.1010268E+06
   01 -0.8272812E+05  0.9689133E+00 -0.2096443E-01 -0.3506889E-01 -0.2510347E-02 -0.3134182E+01 -0.2248759E+01  0.1010256E+06
   01 -0.8265163E+05  0.9678689E+00 -0.2131531E-01 -0.4394004E-01 -0.3554749E-02 -0.3150175E+01 -0.2259676E+01  0.1010243E+06
   01 -0.8257513E+05  0.9665957E+00 -0.2163767E-01 -0.5425460E-01 -0.4827978E-02 -0.3166167E+01 -0.2270593E+01  0.1010231E+06
   01 -0.8249863E+05  0.9647867E+00 -0.2191071E-01 -0.6870922E-01 -0.6636990E-02 -0.3182160E+01 -0.2281510E+01  0.1010219E+06
   01 -0.8242214E+05  0.9628106E+00 -0.2213883E-01 -0.8319279E-01 -0.8613073E-02 -0.3198153E+01 -0.2292427E+01  0.1010206E+06
   01 -0.8234564E+05  0.9608358E+00 -0.2232819E-01 -0.9595330E-01 -0.1058781E-01 -0.3214146E+01 -0.2303344E+01  0.1010194E+06
   01 -0.8226914E+05  0.9588667E+00 -0.2248250E-01 -0.1070325E+00 -0.1255694E-01 -0.3230139E+01 -0.2314261E+01  0.1010182E+06
   01 -0.8219264E+05  0.9569076E+00 -0.2260628E-01 -0.1165106E+00 -0.1451608E-01 -0.3246131E+01 -0.2325178E+01  0.1010169E+06
   01 -0.8211615E+05  0.9549630E+00 -0.2270443E-01 -0.1244929E+00 -0.1646067E-01 -0.3262124E+01 -0.2336095E+01  0.1010157E+06
   01 -0.8203965E+05  0.9530366E+00 -0.2278187E-01 -0.1311120E+00 -0.1838709E-01 -0.3278117E+01 -0.2347012E+01  0.1010145E+06
   01 -0.8196315E+05  0.9511392E+00 -0.2284372E-01 -0.1364408E+00 -0.2028444E-01 -0.3294110E+01 -0.2357929E+01  0.1010132E+06
   01 -0.8188666E+05  0.9492904E+00 -0.2289543E-01 -0.1404812E+00 -0.2213323E-01 -0.3310102E+01 -0.2368846E+01  0.1010120E+06
   01 -0.8181016E+05  0.9475063E+00 -0.2294220E-01 -0.1432801E+00 -0.2391735E-01 -0.3326095E+01 -0.2379763E+01  0.1010108E+06
   01 -0.8173366E+05  0.9458003E+00 -0.2298882E-01 -0.1449102E+00 -0.2562337E-01 -0.3342088E+01 -0.2390680E+01  0.1010095E+06
   01 -0.8165716E+05  0.9441832E+00 -0.2303956E-01 -0.1454625E+00 -0.2724044E-01 -0.3358081E+01 -0.2401597E+01  0.1010083E+06
   01 -0.8158067E+05  0.9426637E+00 -0.2309813E-01 -0.1450352E+00 -0.2875992E-01 -0.3374074E+01 -0.2412514E+01  0.1010071E+06
   01 -0.8150417E+05  0.9412480E+00 -0.2316771E-01 -0.1437352E+00 -0.3017563E-01 -0.3390066E+01 -0.2423432E+01  0.1010058E+06
   01 -0.8142767E+05  0.9399398E+00 -0.2325092E-01 -0.1416726E+00 -0.3148384E-01 -0.3406059E+01 -0.2434349E+01  0.1010046E+06
   01 -0.8135118E+05  0.9387444E+00 -0.2335011E-01 -0.1389221E+00 -0.3267926E-01 -0.3422052E+01 -0.2445266E+01  0.1010033E+06
   01 -0.8127468E+05  0.9376637E+00 -0.2346720E-01 -0.1355734E+00 -0.3375999E-01 -0.3438045E+01 -0.2456183E+01  0.1010021E+06
   01 -0.8119818E+05  0.9366964E+00 -0.2360361E-01 -0.1317226E+00 -0.3472723E-01 -0.3454038E+01 -0.2467100E+01  0.1010009E+06
   01 -0.8112169E+05  0.9358381E+00 -0.2376033E-01 -0.1274748E+00 -0.3558549E-01 -0.3470030E+01 -0.2478017E+01  0.1009996E+06
   01 -0.8104519E+05  0.9350824E+00 -0.2393791E-01 -0.1229337E+00 -0.3634127E-01 -0.3486023E+01 -0.2488934E+01  0.1009984E+06
   01 -0.8096869E+05  0.9344222E+00 -0.2413660E-01 -0.1181875E+00 -0.3700147E-01 -0.3502016E+01 -0.2499851E+01  0.1009972E+06
   01 -0.8089219E+05  0.9338538E+00 -0.2435664E-01 -0.1132803E+00 -0.3756980E-01 -0.3518009E+01 -0.2510768E+01  0.1009959E+06
   01 -0.8081570E+05  0.9333743E+00 -0.2459825E-01 -0.1082415E+00 -0.3804932E-01 -0.3534001E+01 -0.2521685E+01  0.1009947E+06
   01 -0.8073920E+05  0.9329808E+00 -0.2486164E-01 -0.1030923E+00 -0.3844279E-01 -0.3549994E+01 -0.2532602E+01  0.1009935E+06
   01 -0.8066270E+05  0.9326565E+00 -0.2514604E-01 -0.9798006E-01 -0.3876714E-01 -0.3565987E+01 -0.2543519E+01  0.1009922E+06
   01 -0.8058621E+05  0.9323512E+00 -0.2544773E-01 -0.9334203E-01 -0.3907243E-01 -0.3581980E+01 -0.2554436E+01  0.1009910E+06
   01 -0.8050971E+05  0.9320634E+00 -0.2576471E-01 -0.8911606E-01 -0.3936021E-01 -0.3597972E+01 -0.2565353E+01  0.1009898E+06
   01 -0.8043321E+05  0.9317919E+00 -0.2609527E-01 -0.8524878E-01 -0.3963174E-01 -0.3613965E+01 -0.2576270E+01  0.1009885E+06
   01 -0.8035671E+05  0.9315356E+00 -0.2643810E-01 -0.8169520E-01 -0.3988809E-01 -0.3629958E+01 -0.2587187E+01  0.1009873E+06
   01 -0.8028022E+05  0.9312935E+00 -0.2679203E-01 -0.7841720E-01 -0.4013017E-01 -0.3645951E+01 -0.2598104E+01  0.1009861E+06
   01 -0.8020372E+05  0.9310648E+00 -0.2715594E-01 -0.7538219E-01 -0.4035880E-01 -0.3661944E+01 -0.2609021E+01  0.1009848E+06
   01 -0.8012722E+05  0.9308490E+00 -0.2752891E-01 -0.7256228E-01 -0.4057468E-01 -0.3677936E+01 -0.2619939E+01  0.1009836E+06
   01 -0.8005073E+05  0.9306452E+00 -0.2791010E-01 -0.6993351E-01 -0.4077844E-01 -0.3693929E+01 -0.2630856E+01  0.1009824E+06
   01 -0.7997423E+05  0.9304531E+00 -0.2829877E-01 -0.6747444E-01 -0.4097053E-01 -0.3709922E+01 -0.2641773E+01  0.1009811E+06
   01 -0.7989773E+05  0.9302723E+00 -0.2869424E-01 -0.6516642E-01 -0.4115138E-01 -0.3725915E+01 -0.2652690E+01  0.1009799E+06
   01 -0.7982124E+05  0.9301023E+00 -0.2909593E-01 -0.6299341E-01 -0.4132138E-01 -0.3741907E+01 -0.2663607E+01  0.1009786E+06
   01 -0.7974474E+05  0.9299427E+00 -0.2950330E-01 -0.6094159E-01 -0.4148091E-01 -0.3757900E+01 -0.2674524E+01  0.1009774E+06
   01 -0.7966824E+05  0.9297959E+00 -0.2991568E-01 -0.5903329E-01 -0.4162776E-01 -0.3773893E+01 -0.2685441E+01  0.1009762E+06
   01 -0.7959174E+05  0.9296639E+00 -0.3033231E-01 -0.5729079E-01 -0.4175974E-01 -0.3789886E+01 -0.2696358E+01  0.1009749E+06
   01 -0.7951525E+05  0.9296462E+00 -0.3075980E-01 -0.5473499E-01 -0.4177748E-01 -0.3805878E+01 -0.2707275E+01  0.1009737E+06
   01 -0.7943875E+05  0.9297906E+00 -0.3120607E-01 -0.5095326E-01 -0.4163307E-01 -0.3821871E+01 -0.2718192E+01  0.1009725E+06
   01 -0.7936225E+05  0.9300950E+00 -0.3167607E-01 -0.4616701E-01 -0.4132869E-01 -0.3837864E+01 -0.2729109E+01  0.1009712E+06
   01 -0.7928576E+05  0.9305408E+00 -0.3217314E-01 -0.4034556E-01 -0.4088289E-01 -0.3853857E+01 -0.2740026E+01  0.1009700E+06
   01 -0.7920926E+05  0.9311215E+00 -0.3269771E-01 -0.3359033E-01 -0.4030211E-01 -0.3869850E+01 -0.2750943E+01  0.1009688E+06
   01 -0.7913276E+05  0.9318318E+00 -0.3324550E-01 -0.2597442E-01 -0.3959182E-01 -0.3885842E+01 -0.2761860E+01  0.1009675E+06
   01 -0.7905627E+05  0.9326685E+00 -0.3380460E-01 -0.1753495E-01 -0.3875516E-01 -0.3901835E+01 -0.2772777E+01  0.1009663E+06
   01 -0.7897977E+05  0.9336279E+00 -0.3435129E-01 -0.8313187E-02 -0.3779572E-01 -0.3917828E+01 -0.2783694E+01  0.1009651E+06
   01 -0.7890327E+05  0.9347057E+00 -0.3484811E-01  0.1627112E-02 -0.3671793E-01 -0.3933821E+01 -0.2794611E+01  0.1009638E+06
   01 -0.7882677E+05  0.9359014E+00 -0.3525084E-01  0.1211935E-01 -0.3552223E-01 -0.3949813E+01 -0.2805528E+01  0.1009626E+06
   01 -0.7875028E+05  0.9372107E+00 -0.3552101E-01  0.2300430E-01 -0.3421295E-01 -0.3965806E+01 -0.2816445E+01  0.1009614E+06
   01 -0.7867378E+05  0.9386276E+00 -0.3563353E-01  0.3411655E-01 -0.3279602E-01 -0.3981799E+01 -0.2827362E+01  0.1009601E+06
   01 -0.7859728E+05  0.9401459E+00 -0.3557712E-01  0.4528488E-01 -0.3127772E-01 -0.3997792E+01 -0.2838279E+01  0.1009589E+06
   01 -0.7852079E+05  0.9417588E+00 -0.3535178E-01  0.5634250E-01 -0.2966486E-01 -0.4013784E+01 -0.2849197E+01  0.1009576E+06
   01 -0.7844429E+05  0.9434595E+00 -0.3496601E-01  0.6714102E-01 -0.2796412E-01 -0.4029777E+01 -0.2860114E+01  0.1009564E+06
   01 -0.7836779E+05  0.9453736E+00 -0.3441465E-01  0.7881404E-01 -0.2605008E-01 -0.4045770E+01 -0.2871031E+01  0.1009552E+06
   01 -0.7829130E+05  0.9474786E+00 -0.3370032E-01  0.9094222E-01 -0.2394507E-01 -0.4061763E+01 -0.2881948E+01  0.1009539E+06
   01 -0.7821480E+05  0.9497530E+00 -0.3283564E-01  0.1031543E+00 -0.2167065E-01 -0.4077755E+01 -0.2892865E+01  0.1009527E+06
   01 -0.7813830E+05  0.9521775E+00 -0.3184054E-01  0.1151630E+00 -0.1924617E-01 -0.4093748E+01 -0.2903782E+01  0.1009515E+06
   01 -0.7806180E+05  0.9546777E+00 -0.3074694E-01  0.1262457E+00 -0.1674597E-01 -0.4109741E+01 -0.2914699E+01  0.1009502E+06
   01 -0.7798531E+05  0.9571693E+00 -0.2959709E-01  0.1356725E+00 -0.1425432E-01 -0.4125734E+01 -0.2925616E+01  0.1009490E+06
   01 -0.7790881E+05  0.9596503E+00 -0.2842823E-01  0.1435967E+00 -0.1177338E-01 -0.4141727E+01 -0.2936533E+01  0.1009478E+06
   01 -0.7783231E+05  0.9621186E+00 -0.2727034E-01  0.1501790E+00 -0.9305019E-02 -0.4157719E+01 -0.2947450E+01  0.1009465E+06
   01 -0.7775582E+05  0.9645728E+00 -0.2614656E-01  0.1555782E+00 -0.6850871E-02 -0.4173712E+01 -0.2958367E+01  0.1009453E+06
   01 -0.7767932E+05  0.9670113E+00 -0.2507404E-01  0.1599448E+00 -0.4412368E-02 -0.4189705E+01 -0.2969284E+01  0.1009441E+06
   01 -0.7760282E+05  0.9694314E+00 -0.2406451E-01  0.1634342E+00 -0.1992197E-02 -0.4205698E+01 -0.2980201E+01  0.1009428E+06
   01 -0.7752633E+05  0.9718302E+00 -0.2312530E-01  0.1661904E+00  0.4065695E-03 -0.4221690E+01 -0.2991118E+01  0.1009416E+06
   01 -0.7744983E+05  0.9742061E+00 -0.2226055E-01  0.1683217E+00  0.2782460E-02 -0.4237683E+01 -0.3002035E+01  0.1009404E+06
   01 -0.7737333E+05  0.9765568E+00 -0.2147210E-01  0.1699120E+00  0.5133151E-02 -0.4253676E+01 -0.3012952E+01  0.1009391E+06
   01 -0.7729683E+05  0.9788755E+00 -0.2076044E-01  0.1709919E+00  0.7451845E-02 -0.4269669E+01 -0.3023869E+01  0.1009379E+06
   01 -0.7722034E+05  0.9811561E+00 -0.2012511E-01  0.1715935E+00  0.9732493E-02 -0.4285661E+01 -0.3034786E+01  0.1009367E+06
   01 -0.7714384E+05  0.9833935E+00 -0.1956493E-01  0.1717502E+00  0.1196984E-01 -0.4301654E+01 -0.3045703E+01  0.1009354E+06
   01 -0.7706734E+05  0.9855831E+00 -0.1907810E-01  0.1714965E+00  0.1415949E-01 -0.4317647E+01 -0.3056620E+01  0.1009342E+06
   01 -0.7699085E+05  0.9877216E+00 -0.1866241E-01  0.1708679E+00  0.1629791E-01 -0.4333640E+01 -0.3067538E+01  0.1009329E+06
   01 -0.7691435E+05  0.9898060E+00 -0.1831532E-01  0.1698995E+00  0.1838235E-01 -0.4349633E+01 -0.3078455E+01  0.1009317E+06
   01 -0.7683785E+05  0.9918345E+00 -0.1803408E-01  0.1686262E+00  0.2041081E-01 -0.4365625E+01 -0.3089372E+01  0.1009305E+06
   01 -0.7676136E+05  0.9938053E+00 -0.1781587E-01  0.1670796E+00  0.2238167E-01 -0.4381618E+01 -0.3100289E+01  0.1009292E+06
   01 -0.7668486E+05  0.9957146E+00 -0.1765803E-01  0.1652645E+00  0.2429098E-01 -0.4397611E+01 -0.3111206E+01  0.1009280E+06
   01 -0.7660836E+05  0.9975606E+00 -0.1755803E-01  0.1632035E+00  0.2613699E-01 -0.4413604E+01 -0.3122123E+01  0.1009268E+06
   01 -0.7653186E+05  0.9993429E+00 -0.1751334E-01  0.1609251E+00  0.2791929E-01 -0.4429596E+01 -0.3133040E+01  0.1009255E+06
   01 -0.7645537E+05  0.1001062E+01 -0.1752144E-01  0.1584622E+00  0.2963859E-01 -0.4445589E+01 -0.3143957E+01  0.1009243E+06
   01 -0.7637887E+05  0.1002722E+01 -0.1757970E-01  0.1558632E+00  0.3129794E-01 -0.4461582E+01 -0.3154874E+01  0.1009231E+06
   01 -0.7630237E+05  0.1004324E+01 -0.1768540E-01  0.1531663E+00  0.3290025E-01 -0.4477575E+01 -0.3165791E+01  0.1009218E+06
   01 -0.7622588E+05  0.1005872E+01 -0.1783591E-01  0.1503989E+00  0.3444798E-01 -0.4493567E+01 -0.3176708E+01  0.1009206E+06
   01 -0.7614938E+05  0.1007367E+01 -0.1802867E-01  0.1475848E+00  0.3594359E-01 -0.4509560E+01 -0.3187625E+01  0.1009194E+06
   01 -0.7607288E+05  0.1008813E+01 -0.1826124E-01  0.1447443E+00  0.3738951E-01 -0.4525553E+01 -0.3198542E+01  0.1009181E+06
   01 -0.7599639E+05  0.1010212E+01 -0.1853131E-01  0.1418935E+00  0.3878806E-01 -0.4541546E+01 -0.3209459E+01  0.1009169E+06
   01 -0.7591989E+05  0.1011565E+01 -0.1883671E-01  0.1390454E+00  0.4014144E-01 -0.4557539E+01 -0.3220376E+01  0.1009157E+06
   01 -0.7584339E+05  0.1012875E+01 -0.1917540E-01  0.1362098E+00  0.4145169E-01 -0.4573531E+01 -0.3231293E+01  0.1009144E+06
   01 -0.7576689E+05  0.1014144E+01 -0.1954554E-01  0.1333915E+00  0.4272052E-01 -0.4589524E+01 -0.3242210E+01  0.1009132E+06
   01 -0.7569040E+05  0.1015373E+01 -0.1994542E-01  0.1305947E+00  0.4394950E-01 -0.4605517E+01 -0.3253127E+01  0.1009120E+06
   01 -0.7561390E+05  0.1016564E+01 -0.2037351E-01  0.1278236E+00  0.4514022E-01 -0.4621510E+01 -0.3264044E+01  0.1009107E+06
   01 -0.7553740E+05  0.1017718E+01 -0.2082839E-01  0.1250815E+00  0.4629422E-01 -0.4637502E+01 -0.3274961E+01  0.1009095E+06
   01 -0.7546091E+05  0.1018837E+01 -0.2130878E-01  0.1223703E+00  0.4741290E-01 -0.4653495E+01 -0.3285879E+01  0.1009082E+06
   01 -0.7538441E+05  0.1019921E+01 -0.2181351E-01  0.1196902E+00  0.4849746E-01 -0.4669488E+01 -0.3296796E+01  0.1009070E+06
   01 -0.7530791E+05  0.1020973E+01 -0.2234157E-01  0.1170404E+00  0.4954895E-01 -0.4685481E+01 -0.3307713E+01  0.1009058E+06
   01 -0.7523142E+05  0.1021994E+01 -0.2289181E-01  0.1144404E+00  0.5057059E-01 -0.4701473E+01 -0.3318630E+01  0.1009045E+06
   01 -0.7515492E+05  0.1022989E+01 -0.2346299E-01  0.1119066E+00  0.5156546E-01 -0.4717466E+01 -0.3329547E+01  0.1009033E+06
   01 -0.7507842E+05  0.1023958E+01 -0.2405396E-01  0.1094337E+00  0.5253443E-01 -0.4733459E+01 -0.3340464E+01  0.1009021E+06
   01 -0.7500192E+05  0.1024902E+01 -0.2466370E-01  0.1070177E+00  0.5347848E-01 -0.4749452E+01 -0.3351381E+01  0.1009008E+06
   01 -0.7492543E+05  0.1025822E+01 -0.2529128E-01  0.1046563E+00  0.5439861E-01 -0.4765444E+01 -0.3362298E+01  0.1008996E+06
   01 -0.7484893E+05  0.1026720E+01 -0.2593586E-01  0.1023480E+00  0.5529587E-01 -0.4781437E+01 -0.3373215E+01  0.1008984E+06
   01 -0.7477243E+05  0.1027595E+01 -0.2659664E-01  0.1000914E+00  0.5617128E-01 -0.4797430E+01 -0.3384132E+01  0.1008971E+06
   01 -0.7469594E+05  0.1028449E+01 -0.2727290E-01  0.9788371E-01  0.5702573E-01 -0.4813423E+01 -0.3395049E+01  0.1008959E+06
   01 -0.7461944E+05  0.1029284E+01 -0.2796394E-01  0.9572428E-01  0.5786014E-01 -0.4829415E+01 -0.3405966E+01  0.1008947E+06
   01 -0.7454294E+05  0.1030099E+01 -0.2866909E-01  0.9361440E-01  0.5867561E-01 -0.4845408E+01 -0.3416883E+01  0.1008934E+06
   01 -0.7446645E+05  0.1030897E+01 -0.2938765E-01  0.9155321E-01  0.5947301E-01 -0.4861401E+01 -0.3427800E+01  0.1008922E+06
   01 -0.7438995E+05  0.1031676E+01 -0.3011912E-01  0.8953064E-01  0.6025222E-01 -0.4877394E+01 -0.3438717E+01  0.1008910E+06
   01 -0.7431345E+05  0.1032437E+01 -0.3086310E-01  0.8753798E-01  0.6101314E-01 -0.4893387E+01 -0.3449634E+01  0.1008897E+06
   01 -0.7423695E+05  0.1033179E+01 -0.3161929E-01  0.8556768E-01  0.6175564E-01 -0.4909379E+01 -0.3460551E+01  0.1008885E+06
   01 -0.7416046E+05  0.1033903E+01 -0.3238751E-01  0.8361330E-01  0.6247965E-01 -0.4925372E+01 -0.3471468E+01  0.1008872E+06
   01 -0.7408396E+05  0.1034609E+01 -0.3316761E-01  0.8166934E-01  0.6318509E-01 -0.4941365E+01 -0.3482385E+01  0.1008860E+06
   01 -0.7400746E+05  0.1035296E+01 -0.3395955E-01  0.7973114E-01  0.6387190E-01 -0.4957358E+01 -0.3493302E+01  0.1008848E+06
   01 -0.7393097E+05  0.1035964E+01 -0.3476328E-01  0.7779472E-01  0.6454006E-01 -0.4973350E+01 -0.3504219E+01  0.1008835E+06
   01 -0.7385447E+05  0.1036612E+01 -0.3557890E-01  0.7585018E-01  0.6518885E-01 -0.4989343E+01 -0.3515136E+01  0.1008823E+06
   01 -0.7377797E+05  0.1037241E+01 -0.3640665E-01  0.7388721E-01  0.6581745E-01 -0.5005336E+01 -0.3526053E+01  0.1008811E+06
   01 -0.7370148E+05  0.1037849E+01 -0.3724685E-01  0.7189634E-01  0.6642499E-01 -0.5021329E+01 -0.3536970E+01  0.1008798E+06
   01 -0.7362498E+05  0.1038434E+01 -0.3809996E-01  0.6986917E-01  0.6701065E-01 -0.5037321E+01 -0.3547887E+01  0.1008786E+06
   01 -0.7354848E+05  0.1038997E+01 -0.3896645E-01  0.6779910E-01  0.6757369E-01 -0.5053314E+01 -0.3558805E+01  0.1008774E+06
   01 -0.7347199E+05  0.1039537E+01 -0.3984684E-01  0.6568144E-01  0.6811353E-01 -0.5069307E+01 -0.3569722E+01  0.1008761E+06
   01 -0.7339549E+05  0.1040053E+01 -0.4074164E-01  0.6351205E-01  0.6862963E-01 -0.5085300E+01 -0.3580639E+01  0.1008749E+06
   01 -0.7331899E+05  0.1040545E+01 -0.4165134E-01  0.6128742E-01  0.6912150E-01 -0.5101292E+01 -0.3591556E+01  0.1008737E+06
   01 -0.7324249E+05  0.1041012E+01 -0.4257640E-01  0.5900459E-01  0.6958867E-01 -0.5117285E+01 -0.3602473E+01  0.1008724E+06
   01 -0.7316600E+05  0.1041454E+01 -0.4351722E-01  0.5666092E-01  0.7003071E-01 -0.5133278E+01 -0.3613390E+01  0.1008712E+06
   01 -0.7308950E+05  0.1041871E+01 -0.4447412E-01  0.5425372E-01  0.7044718E-01 -0.5149271E+01 -0.3624307E+01  0.1008700E+06
   01 -0.7301300E+05  0.1042261E+01 -0.4544734E-01  0.5178036E-01  0.7083765E-01 -0.5165263E+01 -0.3635224E+01  0.1008687E+06
   01 -0.7293651E+05  0.1042625E+01 -0.4643700E-01  0.4923835E-01  0.7120166E-01 -0.5181256E+01 -0.3646141E+01  0.1008675E+06
   01 -0.7286001E+05  0.1042962E+01 -0.4744310E-01  0.4662538E-01  0.7153882E-01 -0.5197249E+01 -0.3657058E+01  0.1008663E+06
   01 -0.7278351E+05  0.1043272E+01 -0.4846547E-01  0.4393933E-01  0.7184871E-01 -0.5213242E+01 -0.3667975E+01  0.1008650E+06
   01 -0.7270702E+05  0.1043555E+01 -0.4950373E-01  0.4117865E-01  0.7213098E-01 -0.5229234E+01 -0.3678892E+01  0.1008638E+06
   01 -0.7263052E+05  0.1043809E+01 -0.5055729E-01  0.3834188E-01  0.7238527E-01 -0.5245227E+01 -0.3689809E+01  0.1008625E+06
   01 -0.7255402E+05  0.1044035E+01 -0.5162532E-01  0.3542779E-01  0.7261126E-01 -0.5261220E+01 -0.3700726E+01  0.1008613E+06
   01 -0.7247753E+05  0.1044232E+01 -0.5270666E-01  0.3243533E-01  0.7280862E-01 -0.5277213E+01 -0.3711643E+01  0.1008601E+06
   01 -0.7240103E+05  0.1044401E+01 -0.5379989E-01  0.2936374E-01  0.7297704E-01 -0.5293205E+01 -0.3722560E+01  0.1008588E+06
   01 -0.7232453E+05  0.1044540E+01 -0.5490322E-01  0.2621255E-01  0.7311623E-01 -0.5309198E+01 -0.3733477E+01  0.1008576E+06
   01 -0.7224803E+05  0.1044649E+01 -0.5601453E-01  0.2298133E-01  0.7322584E-01 -0.5325191E+01 -0.3744394E+01  0.1008564E+06
   01 -0.7217154E+05  0.1044745E+01 -0.5713216E-01  0.1982582E-01  0.7332124E-01 -0.5341184E+01 -0.3755311E+01  0.1008551E+06
   01 -0.7209504E+05  0.1044829E+01 -0.5824876E-01  0.1676987E-01  0.7340555E-01 -0.5357176E+01 -0.3766228E+01  0.1008539E+06
   01 -0.7201854E+05  0.1044903E+01 -0.5936024E-01  0.1380826E-01  0.7347909E-01 -0.5373169E+01 -0.3777145E+01  0.1008527E+06
   01 -0.7194205E+05  0.1044966E+01 -0.6046287E-01  0.1093663E-01  0.7354213E-01 -0.5389162E+01 -0.3788062E+01  0.1008514E+06
   01 -0.7186555E+05  0.1045019E+01 -0.6155328E-01  0.8151343E-02  0.7359496E-01 -0.5405155E+01 -0.3798979E+01  0.1008502E+06
   01 -0.7178905E+05  0.1045061E+01 -0.6262847E-01  0.5449331E-02  0.7363783E-01 -0.5421147E+01 -0.3809896E+01  0.1008490E+06
   01 -0.7171256E+05  0.1045095E+01 -0.6368582E-01  0.2827998E-02  0.7367102E-01 -0.5437140E+01 -0.3820813E+01  0.1008477E+06
   01 -0.7163606E+05  0.1045118E+01 -0.6472308E-01  0.2851240E-03  0.7369475E-01 -0.5453133E+01 -0.3831730E+01  0.1008465E+06
   01 -0.7155956E+05  0.1045133E+01 -0.6573836E-01 -0.2181202E-02  0.7370928E-01 -0.5469125E+01 -0.3842647E+01  0.1008453E+06
   01 -0.7148307E+05  0.1045138E+01 -0.6673008E-01 -0.4573492E-02  0.7371480E-01 -0.5485118E+01 -0.3853565E+01  0.1008440E+06
   01 -0.7140657E+05  0.1045135E+01 -0.6769701E-01 -0.6893799E-02  0.7371151E-01 -0.5501111E+01 -0.3864482E+01  0.1008428E+06
   01 -0.7133007E+05  0.1045124E+01 -0.6863825E-01 -0.9149784E-02  0.7370007E-01 -0.5517104E+01 -0.3875399E+01  0.1008416E+06
   01 -0.7125357E+05  0.1045105E+01 -0.6955324E-01 -0.1135535E-01  0.7368161E-01 -0.5533096E+01 -0.3886316E+01  0.1008403E+06
   01 -0.7117708E+05  0.1045080E+01 -0.7044157E-01 -0.1350990E-01  0.7365631E-01 -0.5549089E+01 -0.3897233E+01  0.1008391E+06
   01 -0.7110058E+05  0.1045048E+01 -0.7130301E-01 -0.1561334E-01  0.7362431E-01 -0.5565082E+01 -0.3908150E+01  0.1008378E+06
   01 -0.7102408E+05  0.1045009E+01 -0.7213751E-01 -0.1766589E-01  0.7358573E-01 -0.5581075E+01 -0.3919067E+01  0.1008366E+06
   01 -0.7094759E+05  0.1044964E+01 -0.7294517E-01 -0.1966775E-01  0.7354069E-01 -0.5597067E+01 -0.3929984E+01  0.1008354E+06
   01 -0.7087109E+05  0.1044913E+01 -0.7372623E-01 -0.2161914E-01  0.7348934E-01 -0.5613060E+01 -0.3940901E+01  0.1008341E+06
   01 -0.7079459E+05  0.1044855E+01 -0.7448109E-01 -0.2352032E-01  0.7343181E-01 -0.5629053E+01 -0.3951818E+01  0.1008329E+06
   01 -0.7071810E+05  0.1044792E+01 -0.7521021E-01 -0.2537162E-01  0.7336822E-01 -0.5645046E+01 -0.3962735E+01  0.1008317E+06
   01 -0.7064160E+05  0.1044722E+01 -0.7591419E-01 -0.2717339E-01  0.7329874E-01 -0.5661038E+01 -0.3973652E+01  0.1008304E+06
   01 -0.7056510E+05  0.1044646E+01 -0.7659358E-01 -0.2893620E-01  0.7322246E-01 -0.5677031E+01 -0.3984569E+01  0.1008292E+06
   01 -0.7048861E+05  0.1044517E+01 -0.7724421E-01 -0.3111348E-01  0.7309344E-01 -0.5693024E+01 -0.3995486E+01  0.1008280E+06
   01 -0.7041211E+05  0.1044336E+01 -0.7786486E-01 -0.3366858E-01  0.7291242E-01 -0.5709017E+01 -0.4006403E+01  0.1008267E+06
   01 -0.7033561E+05  0.1044104E+01 -0.7845392E-01 -0.3656443E-01  0.7268033E-01 -0.5725009E+01 -0.4017320E+01  0.1008255E+06
   01 -0.7025911E+05  0.1043822E+01 -0.7900939E-01 -0.3976346E-01  0.7239822E-01 -0.5741002E+01 -0.4028237E+01  0.1008243E+06
   01 -0.7018262E+05  0.1043487E+01 -0.7957577E-01 -0.4316538E-01  0.7206289E-01 -0.5756995E+01 -0.4039154E+01  0.1008230E+06
   01 -0.7010612E+05  0.1043099E+01 -0.8008497E-01 -0.4671520E-01  0.7167499E-01 -0.5772988E+01 -0.4050071E+01  0.1008218E+06
   01 -0.7002962E+05  0.1042662E+01 -0.8054915E-01 -0.5039731E-01  0.7123811E-01 -0.5788980E+01 -0.4060988E+01  0.1008206E+06
   01 -0.6995313E+05  0.1042178E+01 -0.8097036E-01 -0.5417726E-01  0.7075442E-01 -0.5804973E+01 -0.4071905E+01  0.1008193E+06
   01 -0.6987663E+05  0.1041650E+01 -0.8134886E-01 -0.5802050E-01  0.7022607E-01 -0.5820966E+01 -0.4082822E+01  0.1008181E+06
   01 -0.6980013E+05  0.1041079E+01 -0.8168472E-01 -0.6189341E-01  0.6965534E-01 -0.5836959E+01 -0.4093739E+01  0.1008168E+06
   01 -0.6972364E+05  0.1040468E+01 -0.8197830E-01 -0.6576386E-01  0.6904458E-01 -0.5852951E+01 -0.4104656E+01  0.1008156E+06
   01 -0.6964714E+05  0.1039820E+01 -0.8223040E-01 -0.6960075E-01  0.6839636E-01 -0.5868944E+01 -0.4115573E+01  0.1008144E+06
   01 -0.6957064E+05  0.1039137E+01 -0.8244234E-01 -0.7337451E-01  0.6771339E-01 -0.5884937E+01 -0.4126490E+01  0.1008131E+06
   01 -0.6949415E+05  0.1038422E+01 -0.8261594E-01 -0.7705784E-01  0.6699845E-01 -0.5900930E+01 -0.4137407E+01  0.1008119E+06
   01 -0.6941765E+05  0.1037679E+01 -0.8275324E-01 -0.8063096E-01  0.6625497E-01 -0.5916922E+01 -0.4148324E+01  0.1008107E+06
   01 -0.6934115E+05  0.1036910E+01 -0.8285661E-01 -0.8407881E-01  0.6548658E-01 -0.5932915E+01 -0.4159241E+01  0.1008094E+06
   01 -0.6926465E+05  0.1036120E+01 -0.8292918E-01 -0.8738016E-01  0.6469616E-01 -0.5948908E+01 -0.4170158E+01  0.1008082E+06
   01 -0.6918816E+05  0.1035310E+01 -0.8297436E-01 -0.9051782E-01  0.6388650E-01 -0.5964901E+01 -0.4181076E+01  0.1008070E+06
   01 -0.6911166E+05  0.1034484E+01 -0.8299576E-01 -0.9347821E-01  0.6306030E-01 -0.5980893E+01 -0.4191993E+01  0.1008057E+06
   01 -0.6903516E+05  0.1033644E+01 -0.8299722E-01 -0.9624744E-01  0.6222053E-01 -0.5996886E+01 -0.4202910E+01  0.1008045E+06
   01 -0.6895867E+05  0.1032793E+01 -0.8298240E-01 -0.9882627E-01  0.6136889E-01 -0.6012879E+01 -0.4213827E+01  0.1008033E+06
   01 -0.6888217E+05  0.1031930E+01 -0.8295473E-01 -0.1012218E+00  0.6050645E-01 -0.6028872E+01 -0.4224744E+01  0.1008020E+06
   01 -0.6880567E+05  0.1031058E+01 -0.8291740E-01 -0.1034424E+00  0.5963422E-01 -0.6044864E+01 -0.4235661E+01  0.1008008E+06
   01 -0.6872918E+05  0.1030177E+01 -0.8287339E-01 -0.1054967E+00  0.5875312E-01 -0.6060857E+01 -0.4246578E+01  0.1007996E+06
   01 -0.6865268E+05  0.1029288E+01 -0.8282545E-01 -0.1073927E+00  0.5786409E-01 -0.6076850E+01 -0.4257495E+01  0.1007983E+06
   01 -0.6857618E+05  0.1028392E+01 -0.8277608E-01 -0.1091382E+00  0.5696805E-01 -0.6092843E+01 -0.4268412E+01  0.1007971E+06
   01 -0.6849969E+05  0.1027490E+01 -0.8272755E-01 -0.1107403E+00  0.5606595E-01 -0.6108835E+01 -0.4279329E+01  0.1007959E+06
   01 -0.6842319E+05  0.1026582E+01 -0.8268193E-01 -0.1122058E+00  0.5515871E-01 -0.6124828E+01 -0.4290246E+01  0.1007946E+06
   01 -0.6834669E+05  0.1025671E+01 -0.8264108E-01 -0.1135411E+00  0.5424727E-01 -0.6140821E+01 -0.4301163E+01  0.1007934E+06
   01 -0.6827020E+05  0.1024756E+01 -0.8260665E-01 -0.1147522E+00  0.5333256E-01 -0.6156814E+01 -0.4312080E+01  0.1007921E+06
   01 -0.6819370E+05  0.1023839E+01 -0.8258014E-01 -0.1158447E+00  0.5241548E-01 -0.6172806E+01 -0.4322997E+01  0.1007909E+06
   01 -0.6811720E+05  0.1022921E+01 -0.8256284E-01 -0.1168238E+00  0.5149696E-01 -0.6188799E+01 -0.4333914E+01  0.1007897E+06
   01 -0.6804070E+05  0.1022002E+01 -0.8255591E-01 -0.1176947E+00  0.5057787E-01 -0.6204792E+01 -0.4344831E+01  0.1007884E+06
   01 -0.6796421E+05  0.1021083E+01 -0.8256034E-01 -0.1184621E+00  0.4965907E-01 -0.6220784E+01 -0.4355748E+01  0.1007872E+06
   01 -0.6788771E+05  0.1020165E+01 -0.8257701E-01 -0.1191307E+00  0.4874141E-01 -0.6236777E+01 -0.4366665E+01  0.1007860E+06
   01 -0.6781121E+05  0.1019249E+01 -0.8260664E-01 -0.1197054E+00  0.4782566E-01 -0.6252770E+01 -0.4377582E+01  0.1007847E+06
   01 -0.6773472E+05  0.1018335E+01 -0.8264956E-01 -0.1202010E+00  0.4691143E-01 -0.6268763E+01 -0.4388499E+01  0.1007835E+06
   01 -0.6765822E+05  0.1017424E+01 -0.8270638E-01 -0.1206108E+00  0.4600053E-01 -0.6284755E+01 -0.4399416E+01  0.1007823E+06
   01 -0.6758172E+05  0.1016518E+01 -0.8277775E-01 -0.1209310E+00  0.4509450E-01 -0.6300748E+01 -0.4410333E+01  0.1007810E+06
   01 -0.6750523E+05  0.1015617E+01 -0.8286383E-01 -0.1211769E+00  0.4419289E-01 -0.6316741E+01 -0.4421250E+01  0.1007798E+06
   01 -0.6742873E+05  0.1014720E+01 -0.8296472E-01 -0.1213553E+00  0.4329600E-01 -0.6332734E+01 -0.4432167E+01  0.1007786E+06
   01 -0.6735223E+05  0.1013828E+01 -0.8308042E-01 -0.1214716E+00  0.4240414E-01 -0.6348726E+01 -0.4443084E+01  0.1007773E+06
   01 -0.6727574E+05  0.1012941E+01 -0.8321083E-01 -0.1215317E+00  0.4151753E-01 -0.6364719E+01 -0.4454001E+01  0.1007761E+06
   01 -0.6719924E+05  0.1012060E+01 -0.8335576E-01 -0.1215413E+00  0.4063630E-01 -0.6380712E+01 -0.4464918E+01  0.1007749E+06
   01 -0.6712274E+05  0.1011184E+01 -0.8351492E-01 -0.1215065E+00  0.3976051E-01 -0.6396705E+01 -0.4475835E+01  0.1007736E+06
   01 -0.6704625E+05  0.1010314E+01 -0.8368792E-01 -0.1214329E+00  0.3889013E-01 -0.6412697E+01 -0.4486752E+01  0.1007724E+06
   01 -0.6696975E+05  0.1009449E+01 -0.8387431E-01 -0.1213264E+00  0.3802506E-01 -0.6428690E+01 -0.4497669E+01  0.1007711E+06
   01 -0.6689325E+05  0.1008589E+01 -0.8407356E-01 -0.1211928E+00  0.3716511E-01 -0.6444683E+01 -0.4508586E+01  0.1007699E+06
   01 -0.6681676E+05  0.1007734E+01 -0.8428508E-01 -0.1210377E+00  0.3631005E-01 -0.6460675E+01 -0.4519503E+01  0.1007687E+06
   01 -0.6674026E+05  0.1006883E+01 -0.8450819E-01 -0.1208666E+00  0.3545955E-01 -0.6476668E+01 -0.4530420E+01  0.1007674E+06
   01 -0.6666376E+05  0.1006037E+01 -0.8474220E-01 -0.1206842E+00  0.3461332E-01 -0.6492661E+01 -0.4541337E+01  0.1007662E+06
   01 -0.6658726E+05  0.1005195E+01 -0.8498640E-01 -0.1204947E+00  0.3377105E-01 -0.6508654E+01 -0.4552254E+01  0.1007650E+06
   01 -0.6651077E+05  0.1004356E+01 -0.8524004E-01 -0.1203016E+00  0.3293244E-01 -0.6524646E+01 -0.4563171E+01  0.1007637E+06
   01 -0.6643427E+05  0.1003517E+01 -0.8550140E-01 -0.1201429E+00  0.3209342E-01 -0.6540639E+01 -0.4574088E+01  0.1007625E+06
   01 -0.6635777E+05  0.1002673E+01 -0.8576810E-01 -0.1200556E+00  0.3124946E-01 -0.6556632E+01 -0.4585006E+01  0.1007613E+06
   01 -0.6628128E+05  0.1001823E+01 -0.8603821E-01 -0.1200392E+00  0.3039959E-01 -0.6572625E+01 -0.4595923E+01  0.1007600E+06
   01 -0.6620478E+05  0.1000967E+01 -0.8630999E-01 -0.1200926E+00  0.2954288E-01 -0.6588617E+01 -0.4606840E+01  0.1007588E+06
   01 -0.6612828E+05  0.1000102E+01 -0.8658182E-01 -0.1202142E+00  0.2867850E-01 -0.6604610E+01 -0.4617757E+01  0.1007576E+06
   01 -0.6605179E+05  0.9992293E+00 -0.8685226E-01 -0.1204019E+00  0.2780568E-01 -0.6620603E+01 -0.4628674E+01  0.1007563E+06
   01 -0.6597529E+05  0.9983474E+00 -0.8712001E-01 -0.1206531E+00  0.2692373E-01 -0.6636595E+01 -0.4639591E+01  0.1007551E+06
   01 -0.6589879E+05  0.9974556E+00 -0.8738390E-01 -0.1209652E+00  0.2603201E-01 -0.6652588E+01 -0.4650508E+01  0.1007539E+06
   01 -0.6582230E+05  0.9965536E+00 -0.8764291E-01 -0.1213351E+00  0.2512993E-01 -0.6668581E+01 -0.4661425E+01  0.1007526E+06
   01 -0.6574580E+05  0.9956406E+00 -0.8789615E-01 -0.1217594E+00  0.2421700E-01 -0.6684574E+01 -0.4672342E+01  0.1007514E+06
   01 -0.6566930E+05  0.9947165E+00 -0.8814288E-01 -0.1222344E+00  0.2329282E-01 -0.6700566E+01 -0.4683259E+01  0.1007502E+06
   01 -0.6559281E+05  0.9937888E+00 -0.8838475E-01 -0.1226811E+00  0.2236519E-01 -0.6716559E+01 -0.4694176E+01  0.1007489E+06
   01 -0.6551631E+05  0.9928766E+00 -0.8862783E-01 -0.1229301E+00  0.2145293E-01 -0.6732552E+01 -0.4705093E+01  0.1007477E+06
   01 -0.6543981E+05  0.9919805E+00 -0.8887584E-01 -0.1230013E+00  0.2055682E-01 -0.6748545E+01 -0.4716010E+01  0.1007464E+06
   01 -0.6536332E+05  0.9911012E+00 -0.8913185E-01 -0.1229122E+00  0.1967758E-01 -0.6764537E+01 -0.4726927E+01  0.1007452E+06
   01 -0.6528682E+05  0.9902395E+00 -0.8939836E-01 -0.1226785E+00  0.1881590E-01 -0.6780530E+01 -0.4737844E+01  0.1007440E+06
   01 -0.6521032E+05  0.9893961E+00 -0.8967744E-01 -0.1223140E+00  0.1797242E-01 -0.6796523E+01 -0.4748761E+01  0.1007427E+06
   01 -0.6513382E+05  0.9885714E+00 -0.8997072E-01 -0.1218308E+00  0.1714775E-01 -0.6812516E+01 -0.4759678E+01  0.1007415E+06
   01 -0.6505733E+05  0.9877661E+00 -0.9027949E-01 -0.1212397E+00  0.1634246E-01 -0.6828508E+01 -0.4770595E+01  0.1007403E+06
   01 -0.6498083E+05  0.9869807E+00 -0.9060474E-01 -0.1205500E+00  0.1555710E-01 -0.6844501E+01 -0.4781512E+01  0.1007390E+06
   01 -0.6490433E+05  0.9862158E+00 -0.9094722E-01 -0.1197700E+00  0.1479218E-01 -0.6860494E+01 -0.4792429E+01  0.1007378E+06
   01 -0.6482784E+05  0.9854718E+00 -0.9130745E-01 -0.1189074E+00  0.1404817E-01 -0.6876486E+01 -0.4803346E+01  0.1007366E+06
   01 -0.6475134E+05  0.9847492E+00 -0.9168578E-01 -0.1179686E+00  0.1332552E-01 -0.6895220E+01 -0.4816878E+01  0.1007349E+06
   01 -0.6467484E+05  0.9840482E+00 -0.9208876E-01 -0.1169663E+00  0.1262455E-01 -0.6915522E+01 -0.4831905E+01  0.1007330E+06
   01 -0.6459835E+05  0.9833693E+00 -0.9251948E-01 -0.1159086E+00  0.1194563E-01 -0.6935824E+01 -0.4846932E+01  0.1007312E+06
   01 -0.6452185E+05  0.9827128E+00 -0.9297695E-01 -0.1147979E+00  0.1128918E-01 -0.6956125E+01 -0.4861959E+01  0.1007293E+06
   01 -0.6444535E+05  0.9820792E+00 -0.9346023E-01 -0.1136365E+00  0.1065559E-01 -0.6976427E+01 -0.4876986E+01  0.1007274E+06
   01 -0.6436886E+05  0.9814689E+00 -0.9396840E-01 -0.1124266E+00  0.1004525E-01 -0.6996729E+01 -0.4892014E+01  0.1007255E+06
   01 -0.6429236E+05  0.9808821E+00 -0.9450056E-01 -0.1111702E+00  0.9458501E-02 -0.7017031E+01 -0.4907041E+01  0.1007236E+06
   01 -0.6421586E+05  0.9803193E+00 -0.9505586E-01 -0.1098688E+00  0.8895702E-02 -0.7037333E+01 -0.4922068E+01  0.1007218E+06
   01 -0.6413937E+05  0.9797808E+00 -0.9563345E-01 -0.1085241E+00  0.8357175E-02 -0.7057634E+01 -0.4937095E+01  0.1007199E+06
   01 -0.6406287E+05  0.9792669E+00 -0.9623253E-01 -0.1071376E+00  0.7843230E-02 -0.7077936E+01 -0.4952122E+01  0.1007180E+06
   01 -0.6398637E+05  0.9787778E+00 -0.9685228E-01 -0.1057105E+00  0.7354155E-02 -0.7098238E+01 -0.4967150E+01  0.1007161E+06
   01 -0.6390987E+05  0.9783139E+00 -0.9749193E-01 -0.1042443E+00  0.6890219E-02 -0.7118540E+01 -0.4982177E+01  0.1007142E+06
   01 -0.6383338E+05  0.9778753E+00 -0.9815070E-01 -0.1027400E+00  0.6451662E-02 -0.7138841E+01 -0.4997204E+01  0.1007124E+06
   01 -0.6375688E+05  0.9774623E+00 -0.9882783E-01 -0.1011992E+00  0.6038699E-02 -0.7159143E+01 -0.5012231E+01  0.1007105E+06
   01 -0.6368038E+05  0.9770752E+00 -0.9952255E-01 -0.9962308E-01  0.5651512E-02 -0.7179445E+01 -0.5027258E+01  0.1007086E+06
   01 -0.6360389E+05  0.9767139E+00 -0.1002341E+00 -0.9801314E-01  0.5290248E-02 -0.7199747E+01 -0.5042286E+01  0.1007067E+06
   01 -0.6352739E+05  0.9763787E+00 -0.1009616E+00 -0.9637095E-01  0.4955013E-02 -0.7220049E+01 -0.5057313E+01  0.1007048E+06
   01 -0.6345089E+05  0.9760695E+00 -0.1017044E+00 -0.9469825E-01  0.4645871E-02 -0.7240350E+01 -0.5072340E+01  0.1007030E+06
   01 -0.6337440E+05  0.9757732E+00 -0.1024577E+00 -0.9312149E-01  0.4349542E-02 -0.7260652E+01 -0.5087367E+01  0.1007011E+06
   01 -0.6329790E+05  0.9754827E+00 -0.1032166E+00 -0.9169338E-01  0.4059038E-02 -0.7280954E+01 -0.5102395E+01  0.1006992E+06
   01 -0.6322140E+05  0.9751975E+00 -0.1039778E+00 -0.9039998E-01  0.3773866E-02 -0.7301256E+01 -0.5117422E+01  0.1006973E+06
   01 -0.6314491E+05  0.9749172E+00 -0.1047383E+00 -0.8922886E-01  0.3493583E-02 -0.7321558E+01 -0.5132449E+01  0.1006954E+06
   01 -0.6306841E+05  0.9746416E+00 -0.1054960E+00 -0.8816674E-01  0.3217963E-02 -0.7341859E+01 -0.5147476E+01  0.1006936E+06
   01 -0.6299191E+05  0.9743703E+00 -0.1062490E+00 -0.8720414E-01  0.2946639E-02 -0.7362161E+01 -0.5162503E+01  0.1006917E+06
   01 -0.6291541E+05  0.9741029E+00 -0.1069957E+00 -0.8633258E-01  0.2679278E-02 -0.7382463E+01 -0.5177531E+01  0.1006898E+06
   01 -0.6283892E+05  0.9738392E+00 -0.1077351E+00 -0.8554441E-01  0.2415579E-02 -0.7402765E+01 -0.5192558E+01  0.1006879E+06
   01 -0.6276242E+05  0.9735789E+00 -0.1084661E+00 -0.8483272E-01  0.2155267E-02 -0.7423066E+01 -0.5207585E+01  0.1006860E+06
   01 -0.6268592E+05  0.9733217E+00 -0.1091881E+00 -0.8419127E-01  0.1898096E-02 -0.7443368E+01 -0.5222612E+01  0.1006841E+06
   01 -0.6260943E+05  0.9730675E+00 -0.1099008E+00 -0.8361436E-01  0.1643841E-02 -0.7463670E+01 -0.5237640E+01  0.1006823E+06
   01 -0.6253293E+05  0.9728188E+00 -0.1106047E+00 -0.8307013E-01  0.1395132E-02 -0.7483972E+01 -0.5252667E+01  0.1006804E+06
   01 -0.6245643E+05  0.9725937E+00 -0.1113050E+00 -0.8238439E-01  0.1170089E-02 -0.7504274E+01 -0.5267694E+01  0.1006785E+06
   01 -0.6237994E+05  0.9723917E+00 -0.1120042E+00 -0.8157950E-01  0.9680492E-03 -0.7524575E+01 -0.5282721E+01  0.1006766E+06
   01 -0.6230344E+05  0.9722121E+00 -0.1127042E+00 -0.8067470E-01  0.7884353E-03 -0.7544877E+01 -0.5297748E+01  0.1006747E+06
   01 -0.6222694E+05  0.9720545E+00 -0.1134065E+00 -0.7968552E-01  0.6308124E-03 -0.7565179E+01 -0.5312776E+01  0.1006729E+06
   01 -0.6215045E+05  0.9719186E+00 -0.1141120E+00 -0.7862364E-01  0.4949492E-03 -0.7585481E+01 -0.5327803E+01  0.1006710E+06
   01 -0.6207395E+05  0.9718045E+00 -0.1148217E+00 -0.7749701E-01  0.3808552E-03 -0.7605783E+01 -0.5342830E+01  0.1006691E+06
   01 -0.6199745E+05  0.9717124E+00 -0.1155360E+00 -0.7631027E-01  0.2887822E-03 -0.7626084E+01 -0.5357857E+01  0.1006672E+06
   01 -0.6192096E+05  0.9716429E+00 -0.1162555E+00 -0.7506523E-01  0.2192154E-03 -0.7646386E+01 -0.5372884E+01  0.1006653E+06
   01 -0.6184446E+05  0.9715965E+00 -0.1169805E+00 -0.7376151E-01  0.1728374E-03 -0.7666688E+01 -0.5387912E+01  0.1006635E+06
   01 -0.6176796E+05  0.9715741E+00 -0.1177115E+00 -0.7239732E-01  0.1504746E-03 -0.7686990E+01 -0.5402939E+01  0.1006616E+06
   01 -0.6169146E+05  0.9715767E+00 -0.1184486E+00 -0.7097020E-01  0.1530338E-03 -0.7707291E+01 -0.5417966E+01  0.1006597E+06
   01 -0.6161497E+05  0.9716051E+00 -0.1191922E+00 -0.6947774E-01  0.1814349E-03 -0.7727593E+01 -0.5432993E+01  0.1006578E+06
   01 -0.6153847E+05  0.9716602E+00 -0.1199423E+00 -0.6791813E-01  0.2365485E-03 -0.7747895E+01 -0.5448021E+01  0.1006559E+06
   01 -0.6146197E+05  0.9717428E+00 -0.1206991E+00 -0.6629064E-01  0.3191431E-03 -0.7768197E+01 -0.5463048E+01  0.1006541E+06
   01 -0.6138548E+05  0.9718535E+00 -0.1214624E+00 -0.6459583E-01  0.4298464E-03 -0.7788499E+01 -0.5478075E+01  0.1006522E+06
   01 -0.6130898E+05  0.9719928E+00 -0.1222320E+00 -0.6283571E-01  0.5691198E-03 -0.7808800E+01 -0.5493102E+01  0.1006503E+06
   01 -0.6123248E+05  0.9721609E+00 -0.1230076E+00 -0.6101357E-01  0.7372550E-03 -0.7829102E+01 -0.5508129E+01  0.1006484E+06
   01 -0.6115599E+05  0.9723580E+00 -0.1237885E+00 -0.5913393E-01  0.9343744E-03 -0.7849404E+01 -0.5523157E+01  0.1006465E+06
   01 -0.6107949E+05  0.9725841E+00 -0.1245742E+00 -0.5720244E-01  0.1160426E-02 -0.7869706E+01 -0.5538184E+01  0.1006447E+06
   01 -0.6100299E+05  0.9728388E+00 -0.1253638E+00 -0.5522562E-01  0.1415199E-02 -0.7890007E+01 -0.5553211E+01  0.1006428E+06
   01 -0.6092650E+05  0.9731220E+00 -0.1261563E+00 -0.5321060E-01  0.1698352E-02 -0.7910309E+01 -0.5568238E+01  0.1006409E+06
   01 -0.6085000E+05  0.9734331E+00 -0.1269508E+00 -0.5116484E-01  0.2009431E-02 -0.7930611E+01 -0.5583265E+01  0.1006390E+06
   01 -0.6077350E+05  0.9737715E+00 -0.1277460E+00 -0.4909589E-01  0.2347897E-02 -0.7950913E+01 -0.5598293E+01  0.1006371E+06
   01 -0.6069700E+05  0.9741368E+00 -0.1285409E+00 -0.4701070E-01  0.2713203E-02 -0.7971215E+01 -0.5613320E+01  0.1006353E+06
   01 -0.6062051E+05  0.9745284E+00 -0.1293344E+00 -0.4491601E-01  0.3104752E-02 -0.7991516E+01 -0.5628347E+01  0.1006334E+06
   01 -0.6054401E+05  0.9749456E+00 -0.1301252E+00 -0.4281832E-01  0.3521914E-02 -0.8011818E+01 -0.5643374E+01  0.1006315E+06
   01 -0.6046751E+05  0.9753877E+00 -0.1309123E+00 -0.4072377E-01  0.3964038E-02 -0.8032120E+01 -0.5658401E+01  0.1006296E+06
   01 -0.6039102E+05  0.9758541E+00 -0.1316948E+00 -0.3863815E-01  0.4430457E-02 -0.8052422E+01 -0.5673429E+01  0.1006277E+06
   01 -0.6031452E+05  0.9763441E+00 -0.1324717E+00 -0.3656680E-01  0.4920499E-02 -0.8072723E+01 -0.5688456E+01  0.1006259E+06
   01 -0.6023802E+05  0.9768571E+00 -0.1332421E+00 -0.3451467E-01  0.5433492E-02 -0.8093025E+01 -0.5703483E+01  0.1006240E+06
   01 -0.6016153E+05  0.9773924E+00 -0.1340053E+00 -0.3248632E-01  0.5968761E-02 -0.8113327E+01 -0.5718510E+01  0.1006221E+06
   01 -0.6008503E+05  0.9779493E+00 -0.1347608E+00 -0.3048589E-01  0.6525640E-02 -0.8133629E+01 -0.5733538E+01  0.1006202E+06
   01 -0.6000853E+05  0.9785271E+00 -0.1355079E+00 -0.2851719E-01  0.7103463E-02 -0.8153931E+01 -0.5748565E+01  0.1006183E+06
   01 -0.5993204E+05  0.9791252E+00 -0.1362464E+00 -0.2658367E-01  0.7701572E-02 -0.8174232E+01 -0.5763592E+01  0.1006164E+06
   01 -0.5985554E+05  0.9797430E+00 -0.1369759E+00 -0.2468847E-01  0.8319314E-02 -0.8194534E+01 -0.5778619E+01  0.1006146E+06
   01 -0.5977904E+05  0.9803797E+00 -0.1376963E+00 -0.2283455E-01  0.8956032E-02 -0.8214836E+01 -0.5793646E+01  0.1006127E+06
   01 -0.5970255E+05  0.9810346E+00 -0.1384076E+00 -0.2102669E-01  0.9610914E-02 -0.8235138E+01 -0.5808674E+01  0.1006108E+06
   01 -0.5962605E+05  0.9817068E+00 -0.1391098E+00 -0.1926890E-01  0.1028312E-01 -0.8255439E+01 -0.5823701E+01  0.1006089E+06
   01 -0.5954955E+05  0.9823955E+00 -0.1398030E+00 -0.1756455E-01  0.1097185E-01 -0.8275741E+01 -0.5838728E+01  0.1006070E+06
   01 -0.5947305E+05  0.9831000E+00 -0.1404875E+00 -0.1591645E-01  0.1167632E-01 -0.8296043E+01 -0.5853755E+01  0.1006052E+06
   01 -0.5939656E+05  0.9838194E+00 -0.1411636E+00 -0.1432695E-01  0.1239576E-01 -0.8316345E+01 -0.5868782E+01  0.1006033E+06
   01 -0.5932006E+05  0.9845531E+00 -0.1418318E+00 -0.1279801E-01  0.1312945E-01 -0.8336647E+01 -0.5883810E+01  0.1006014E+06
   01 -0.5924356E+05  0.9853003E+00 -0.1424926E+00 -0.1133123E-01  0.1387665E-01 -0.8356948E+01 -0.5898837E+01  0.1005995E+06
   01 -0.5916707E+05  0.9860603E+00 -0.1431464E+00 -0.9927893E-02  0.1463666E-01 -0.8377250E+01 -0.5913864E+01  0.1005976E+06
   01 -0.5909057E+05  0.9868324E+00 -0.1437940E+00 -0.8588965E-02  0.1540880E-01 -0.8397552E+01 -0.5928891E+01  0.1005958E+06
   01 -0.5901407E+05  0.9876160E+00 -0.1444359E+00 -0.7315091E-02  0.1619238E-01 -0.8417854E+01 -0.5943918E+01  0.1005939E+06
   01 -0.5893758E+05  0.9884180E+00 -0.1450729E+00 -0.6030766E-02  0.1699436E-01 -0.8438155E+01 -0.5958946E+01  0.1005920E+06
   01 -0.5886108E+05  0.9892384E+00 -0.1457052E+00 -0.4722234E-02  0.1781472E-01 -0.8458457E+01 -0.5973973E+01  0.1005901E+06
   01 -0.5878458E+05  0.9900755E+00 -0.1463329E+00 -0.3407788E-02  0.1865185E-01 -0.8478759E+01 -0.5989000E+01  0.1005882E+06
   01 -0.5870809E+05  0.9909280E+00 -0.1469563E+00 -0.2102103E-02  0.1950432E-01 -0.8499061E+01 -0.6004027E+01  0.1005864E+06
   01 -0.5863159E+05  0.9917946E+00 -0.1475758E+00 -0.8166334E-03  0.2037093E-01 -0.8519363E+01 -0.6019055E+01  0.1005845E+06
   01 -0.5855509E+05  0.9926743E+00 -0.1481917E+00  0.4399997E-03  0.2125067E-01 -0.8539664E+01 -0.6034082E+01  0.1005826E+06
   01 -0.5847860E+05  0.9935663E+00 -0.1488045E+00  0.1661610E-02  0.2214269E-01 -0.8559966E+01 -0.6049109E+01  0.1005807E+06
   01 -0.5840210E+05  0.9944700E+00 -0.1494147E+00  0.2844069E-02  0.2304633E-01 -0.8580268E+01 -0.6064136E+01  0.1005788E+06
   01 -0.5832560E+05  0.9953847E+00 -0.1500228E+00  0.3984986E-02  0.2396104E-01 -0.8600570E+01 -0.6079163E+01  0.1005770E+06
   01 -0.5824910E+05  0.9963115E+00 -0.1506296E+00  0.5063836E-02  0.2488787E-01 -0.8620871E+01 -0.6094191E+01  0.1005751E+06
   01 -0.5817261E+05  0.9972506E+00 -0.1512359E+00  0.6074945E-02  0.2582693E-01 -0.8641173E+01 -0.6109218E+01  0.1005732E+06
   01 -0.5809611E+05  0.9982008E+00 -0.1518424E+00  0.7028168E-02  0.2677715E-01 -0.8661475E+01 -0.6124245E+01  0.1005713E+06
   01 -0.5801961E+05  0.9991618E+00 -0.1524498E+00  0.7924850E-02  0.2773819E-01 -0.8681777E+01 -0.6139272E+01  0.1005694E+06
   01 -0.5794312E+05  0.1000133E+01 -0.1530584E+00  0.8766919E-02  0.2870979E-01 -0.8702078E+01 -0.6154299E+01  0.1005676E+06
   01 -0.5786662E+05  0.1001115E+01 -0.1536691E+00  0.9556551E-02  0.2969168E-01 -0.8722380E+01 -0.6169327E+01  0.1005657E+06
   01 -0.5779012E+05  0.1002107E+01 -0.1542822E+00  0.1029589E-01  0.3068365E-01 -0.8742682E+01 -0.6184354E+01  0.1005638E+06
   01 -0.5771363E+05  0.1003109E+01 -0.1548981E+00  0.1099137E-01  0.3168509E-01 -0.8762984E+01 -0.6199381E+01  0.1005619E+06
   01 -0.5763713E+05  0.1004119E+01 -0.1555171E+00  0.1165080E-01  0.3269524E-01 -0.8783286E+01 -0.6214408E+01  0.1005600E+06
   01 -0.5756063E+05  0.1005137E+01 -0.1561395E+00  0.1227452E-01  0.3371379E-01 -0.8803587E+01 -0.6229435E+01  0.1005582E+06
   01 -0.5748414E+05  0.1006164E+01 -0.1567654E+00  0.1286224E-01  0.3474036E-01 -0.8823889E+01 -0.6244463E+01  0.1005563E+06
   01 -0.5740764E+05  0.1007198E+01 -0.1573953E+00  0.1341294E-01  0.3577451E-01 -0.8844191E+01 -0.6259490E+01  0.1005544E+06
   01 -0.5733114E+05  0.1008239E+01 -0.1580293E+00  0.1392500E-01  0.3681571E-01 -0.8864493E+01 -0.6274517E+01  0.1005525E+06
   01 -0.5725465E+05  0.1009287E+01 -0.1586677E+00  0.1439620E-01  0.3786335E-01 -0.8884795E+01 -0.6289544E+01  0.1005506E+06
   01 -0.5717815E+05  0.1010340E+01 -0.1593107E+00  0.1482389E-01  0.3891675E-01 -0.8905096E+01 -0.6304572E+01  0.1005488E+06
   01 -0.5710165E+05  0.1011399E+01 -0.1599586E+00  0.1520511E-01  0.3997517E-01 -0.8925398E+01 -0.6319599E+01  0.1005469E+06
   01 -0.5702515E+05  0.1012461E+01 -0.1606118E+00  0.1553671E-01  0.4103783E-01 -0.8945700E+01 -0.6334626E+01  0.1005450E+06
   01 -0.5694866E+05  0.1013528E+01 -0.1612706E+00  0.1581551E-01  0.4210388E-01 -0.8966002E+01 -0.6349653E+01  0.1005431E+06
   01 -0.5687216E+05  0.1014596E+01 -0.1619352E+00  0.1603857E-01  0.4317248E-01 -0.8986303E+01 -0.6364680E+01  0.1005412E+06
   01 -0.5679566E+05  0.1015666E+01 -0.1626059E+00  0.1620323E-01  0.4424280E-01 -0.9006605E+01 -0.6379708E+01  0.1005393E+06
   01 -0.5671917E+05  0.1016738E+01 -0.1632830E+00  0.1630717E-01  0.4531398E-01 -0.9026907E+01 -0.6394735E+01  0.1005375E+06
   01 -0.5664267E+05  0.1017809E+01 -0.1639669E+00  0.1634844E-01  0.4638519E-01 -0.9047209E+01 -0.6409762E+01  0.1005356E+06
   01 -0.5656617E+05  0.1018877E+01 -0.1646578E+00  0.1630586E-01  0.4745360E-01 -0.9067511E+01 -0.6424789E+01  0.1005337E+06
   01 -0.5648968E+05  0.1019929E+01 -0.1653571E+00  0.1605926E-01  0.4850581E-01 -0.9087812E+01 -0.6439816E+01  0.1005318E+06
   01 -0.5641318E+05  0.1020965E+01 -0.1660661E+00  0.1562797E-01  0.4954167E-01 -0.9108114E+01 -0.6454844E+01  0.1005299E+06
   01 -0.5633668E+05  0.1021985E+01 -0.1667858E+00  0.1502966E-01  0.5056106E-01 -0.9128416E+01 -0.6469871E+01  0.1005281E+06
   01 -0.5626019E+05  0.1022988E+01 -0.1675166E+00  0.1428120E-01  0.5156394E-01 -0.9148718E+01 -0.6484898E+01  0.1005262E+06
   01 -0.5618369E+05  0.1023974E+01 -0.1682587E+00  0.1339795E-01  0.5255029E-01 -0.9169019E+01 -0.6499925E+01  0.1005243E+06
   01 -0.5610719E+05  0.1024944E+01 -0.1690118E+00  0.1239397E-01  0.5352014E-01 -0.9189321E+01 -0.6514952E+01  0.1005224E+06
   01 -0.5603070E+05  0.1025897E+01 -0.1697755E+00  0.1128216E-01  0.5447355E-01 -0.9209623E+01 -0.6529980E+01  0.1005205E+06
   01 -0.5595420E+05  0.1026834E+01 -0.1705490E+00  0.1007437E-01  0.5541059E-01 -0.9229925E+01 -0.6545007E+01  0.1005187E+06
   01 -0.5587770E+05  0.1027755E+01 -0.1713316E+00  0.8781430E-02  0.5633136E-01 -0.9250227E+01 -0.6560034E+01  0.1005168E+06
   01 -0.5580120E+05  0.1028660E+01 -0.1721223E+00  0.7413315E-02  0.5723599E-01 -0.9270528E+01 -0.6575061E+01  0.1005149E+06
   01 -0.5572471E+05  0.1029548E+01 -0.1729200E+00  0.5979156E-02  0.5812462E-01 -0.9290830E+01 -0.6590089E+01  0.1005130E+06
   01 -0.5564821E+05  0.1030421E+01 -0.1737236E+00  0.4487336E-02  0.5899740E-01 -0.9311132E+01 -0.6605116E+01  0.1005111E+06
   01 -0.5557171E+05  0.1031278E+01 -0.1745321E+00  0.2945547E-02  0.5985451E-01 -0.9331434E+01 -0.6620143E+01  0.1005093E+06
   01 -0.5549522E+05  0.1032120E+01 -0.1753443E+00  0.1360848E-02  0.6069612E-01 -0.9351735E+01 -0.6635170E+01  0.1005074E+06
   01 -0.5541872E+05  0.1032946E+01 -0.1761590E+00 -0.2602880E-03  0.6152243E-01 -0.9372037E+01 -0.6650197E+01  0.1005055E+06
   01 -0.5534222E+05  0.1033757E+01 -0.1769754E+00 -0.1911943E-02  0.6233364E-01 -0.9392339E+01 -0.6665225E+01  0.1005036E+06
   01 -0.5526573E+05  0.1034554E+01 -0.1777922E+00 -0.3588775E-02  0.6312998E-01 -0.9412641E+01 -0.6680252E+01  0.1005017E+06
   01 -0.5518923E+05  0.1035335E+01 -0.1786087E+00 -0.5285760E-02  0.6391168E-01 -0.9432942E+01 -0.6695279E+01  0.1004999E+06
   01 -0.5511273E+05  0.1036103E+01 -0.1794238E+00 -0.6998292E-02  0.6467895E-01 -0.9453244E+01 -0.6710306E+01  0.1004980E+06
   01 -0.5503624E+05  0.1036856E+01 -0.1802367E+00 -0.8722156E-02  0.6543203E-01 -0.9473546E+01 -0.6725333E+01  0.1004961E+06
   01 -0.5495974E+05  0.1037595E+01 -0.1810468E+00 -0.1045349E-01  0.6617115E-01 -0.9493848E+01 -0.6740361E+01  0.1004942E+06
   01 -0.5488324E+05  0.1038321E+01 -0.1818534E+00 -0.1219885E-01  0.6689731E-01 -0.9514150E+01 -0.6755388E+01  0.1004923E+06
   01 -0.5480675E+05  0.1039035E+01 -0.1826559E+00 -0.1395813E-01  0.6761101E-01 -0.9534451E+01 -0.6770415E+01  0.1004905E+06
   01 -0.5473025E+05  0.1039736E+01 -0.1834540E+00 -0.1572760E-01  0.6831247E-01 -0.9554753E+01 -0.6785442E+01  0.1004886E+06
   01 -0.5465375E+05  0.1040426E+01 -0.1842470E+00 -0.1750379E-01  0.6900189E-01 -0.9575055E+01 -0.6800469E+01  0.1004867E+06
   01 -0.5457725E+05  0.1041103E+01 -0.1850347E+00 -0.1928352E-01  0.6967950E-01 -0.9595357E+01 -0.6815497E+01  0.1004848E+06
   01 -0.5450076E+05  0.1041769E+01 -0.1858166E+00 -0.2106384E-01  0.7034550E-01 -0.9615658E+01 -0.6830524E+01  0.1004829E+06
   01 -0.5442426E+05  0.1042423E+01 -0.1865924E+00 -0.2284568E-01  0.7099985E-01 -0.9635960E+01 -0.6845551E+01  0.1004811E+06
   01 -0.5434776E+05  0.1043066E+01 -0.1873618E+00 -0.2462961E-01  0.7164245E-01 -0.9656262E+01 -0.6860578E+01  0.1004792E+06
   01 -0.5427127E+05  0.1043697E+01 -0.1881247E+00 -0.2641573E-01  0.7227321E-01 -0.9676564E+01 -0.6875605E+01  0.1004773E+06
   01 -0.5419477E+05  0.1044316E+01 -0.1888808E+00 -0.2820414E-01  0.7289205E-01 -0.9696865E+01 -0.6890633E+01  0.1004754E+06
   01 -0.5411827E+05  0.1044923E+01 -0.1896299E+00 -0.2999500E-01  0.7349886E-01 -0.9717167E+01 -0.6905660E+01  0.1004735E+06
   01 -0.5404178E+05  0.1045513E+01 -0.1903716E+00 -0.3172876E-01  0.7408903E-01 -0.9737469E+01 -0.6920687E+01  0.1004717E+06
   01 -0.5396528E+05  0.1046089E+01 -0.1911061E+00 -0.3344160E-01  0.7466503E-01 -0.9757771E+01 -0.6935714E+01  0.1004698E+06
   01 -0.5388878E+05  0.1046650E+01 -0.1918334E+00 -0.3513544E-01  0.7522682E-01 -0.9778072E+01 -0.6950741E+01  0.1004679E+06
   01 -0.5381229E+05  0.1047198E+01 -0.1925535E+00 -0.3681206E-01  0.7577433E-01 -0.9798374E+01 -0.6965769E+01  0.1004660E+06
   01 -0.5373579E+05  0.1047731E+01 -0.1932663E+00 -0.3847309E-01  0.7630753E-01 -0.9818676E+01 -0.6980796E+01  0.1004641E+06
   01 -0.5365929E+05  0.1048250E+01 -0.1939721E+00 -0.4012003E-01  0.7682635E-01 -0.9838978E+01 -0.6995823E+01  0.1004622E+06
   01 -0.5358280E+05  0.1048754E+01 -0.1946709E+00 -0.4175423E-01  0.7733076E-01 -0.9859280E+01 -0.7010850E+01  0.1004604E+06
   01 -0.5350630E+05  0.1049244E+01 -0.1953627E+00 -0.4337690E-01  0.7782071E-01 -0.9879581E+01 -0.7025877E+01  0.1004585E+06
   01 -0.5342980E+05  0.1049720E+01 -0.1960477E+00 -0.4499391E-01  0.7829652E-01 -0.9899883E+01 -0.7040905E+01  0.1004566E+06
   01 -0.5335331E+05  0.1050182E+01 -0.1967259E+00 -0.4661502E-01  0.7875884E-01 -0.9920185E+01 -0.7055932E+01  0.1004547E+06
   01 -0.5327681E+05  0.1050631E+01 -0.1973973E+00 -0.4823991E-01  0.7920759E-01 -0.9940487E+01 -0.7070959E+01  0.1004528E+06
   01 -0.5320031E+05  0.1051066E+01 -0.1980619E+00 -0.4986816E-01  0.7964269E-01 -0.9960788E+01 -0.7085986E+01  0.1004510E+06
   01 -0.5312381E+05  0.1051488E+01 -0.1987199E+00 -0.5149932E-01  0.8006408E-01 -0.9981090E+01 -0.7101013E+01  0.1004491E+06
   01 -0.5304732E+05  0.1051895E+01 -0.1993710E+00 -0.5313285E-01  0.8047172E-01 -0.1000139E+02 -0.7116041E+01  0.1004472E+06
   01 -0.5297082E+05  0.1052289E+01 -0.2000155E+00 -0.5476817E-01  0.8086556E-01 -0.1002169E+02 -0.7131068E+01  0.1004453E+06
   01 -0.5289432E+05  0.1052669E+01 -0.2006533E+00 -0.5640464E-01  0.8124557E-01 -0.1004200E+02 -0.7146095E+01  0.1004434E+06
   01 -0.5281783E+05  0.1053035E+01 -0.2012844E+00 -0.5804157E-01  0.8161173E-01 -0.1006230E+02 -0.7161122E+01  0.1004416E+06
   01 -0.5274133E+05  0.1053388E+01 -0.2019089E+00 -0.5967826E-01  0.8196404E-01 -0.1008260E+02 -0.7176149E+01  0.1004397E+06
   01 -0.5266483E+05  0.1053726E+01 -0.2025269E+00 -0.6131392E-01  0.8230249E-01 -0.1010290E+02 -0.7191177E+01  0.1004378E+06
   01 -0.5258834E+05  0.1054051E+01 -0.2031383E+00 -0.6294780E-01  0.8262711E-01 -0.1012320E+02 -0.7206204E+01  0.1004359E+06
   01 -0.5251184E+05  0.1054362E+01 -0.2037432E+00 -0.6457905E-01  0.8293790E-01 -0.1014350E+02 -0.7221231E+01  0.1004340E+06
   01 -0.5243534E+05  0.1054659E+01 -0.2043418E+00 -0.6620686E-01  0.8323492E-01 -0.1016381E+02 -0.7236258E+01  0.1004322E+06
   01 -0.5235885E+05  0.1054942E+01 -0.2049341E+00 -0.6783037E-01  0.8351820E-01 -0.1018411E+02 -0.7251285E+01  0.1004303E+06
   01 -0.5228235E+05  0.1055211E+01 -0.2055201E+00 -0.6944872E-01  0.8378781E-01 -0.1020441E+02 -0.7266313E+01  0.1004284E+06
   01 -0.5220585E+05  0.1055467E+01 -0.2061001E+00 -0.7106106E-01  0.8404380E-01 -0.1022471E+02 -0.7281340E+01  0.1004265E+06
   01 -0.5212936E+05  0.1055710E+01 -0.2066740E+00 -0.7266654E-01  0.8428626E-01 -0.1024501E+02 -0.7296367E+01  0.1004246E+06
   01 -0.5205286E+05  0.1055939E+01 -0.2072420E+00 -0.7426430E-01  0.8451528E-01 -0.1026531E+02 -0.7311394E+01  0.1004228E+06
   01 -0.5197636E+05  0.1056155E+01 -0.2078044E+00 -0.7585351E-01  0.8473095E-01 -0.1028562E+02 -0.7326421E+01  0.1004209E+06
   01 -0.5189987E+05  0.1056357E+01 -0.2083611E+00 -0.7743334E-01  0.8493338E-01 -0.1030592E+02 -0.7341449E+01  0.1004190E+06
   01 -0.5182337E+05  0.1056546E+01 -0.2089123E+00 -0.7900298E-01  0.8512268E-01 -0.1032622E+02 -0.7356476E+01  0.1004171E+06
   01 -0.5174687E+05  0.1056723E+01 -0.2094583E+00 -0.8056164E-01  0.8529898E-01 -0.1034652E+02 -0.7371503E+01  0.1004152E+06
   01 -0.5167038E+05  0.1056886E+01 -0.2099991E+00 -0.8210854E-01  0.8546241E-01 -0.1036682E+02 -0.7386530E+01  0.1004134E+06
   01 -0.5159388E+05  0.1057037E+01 -0.2105350E+00 -0.8364295E-01  0.8561310E-01 -0.1038713E+02 -0.7401557E+01  0.1004115E+06
   01 -0.5151738E+05  0.1057175E+01 -0.2110661E+00 -0.8516412E-01  0.8575122E-01 -0.1040743E+02 -0.7416585E+01  0.1004096E+06
   01 -0.5144089E+05  0.1057301E+01 -0.2115926E+00 -0.8667137E-01  0.8587692E-01 -0.1042773E+02 -0.7431612E+01  0.1004077E+06
   01 -0.5136439E+05  0.1057414E+01 -0.2121148E+00 -0.8816402E-01  0.8599035E-01 -0.1044803E+02 -0.7446639E+01  0.1004058E+06
   01 -0.5128789E+05  0.1057515E+01 -0.2126328E+00 -0.8964142E-01  0.8609170E-01 -0.1046833E+02 -0.7461666E+01  0.1004040E+06
   01 -0.5121139E+05  0.1057605E+01 -0.2131468E+00 -0.9110296E-01  0.8618114E-01 -0.1048863E+02 -0.7476693E+01  0.1004021E+06
   01 -0.5113490E+05  0.1057682E+01 -0.2136571E+00 -0.9254806E-01  0.8625885E-01 -0.1050894E+02 -0.7491720E+01  0.1004002E+06
   01 -0.5105840E+05  0.1057749E+01 -0.2141639E+00 -0.9397616E-01  0.8632503E-01 -0.1052924E+02 -0.7506748E+01  0.1003983E+06
   01 -0.5098190E+05  0.1057804E+01 -0.2146674E+00 -0.9538676E-01  0.8637988E-01 -0.1054954E+02 -0.7521775E+01  0.1003964E+06
   01 -0.5090541E+05  0.1057847E+01 -0.2151677E+00 -0.9677936E-01  0.8642358E-01 -0.1056984E+02 -0.7536802E+01  0.1003945E+06
   01 -0.5082891E+05  0.1057880E+01 -0.2156652E+00 -0.9815353E-01  0.8645636E-01 -0.1059014E+02 -0.7551829E+01  0.1003927E+06
   01 -0.5075241E+05  0.1057902E+01 -0.2161601E+00 -0.9950885E-01  0.8647842E-01 -0.1061044E+02 -0.7566856E+01  0.1003908E+06
   01 -0.5067592E+05  0.1057914E+01 -0.2166525E+00 -0.1008450E+00  0.8648997E-01 -0.1063075E+02 -0.7581884E+01  0.1003889E+06
   01 -0.5059942E+05  0.1057915E+01 -0.2171428E+00 -0.1021615E+00  0.8649123E-01 -0.1065105E+02 -0.7596911E+01  0.1003870E+06
   01 -0.5052292E+05  0.1057906E+01 -0.2176310E+00 -0.1034582E+00  0.8648243E-01 -0.1067135E+02 -0.7611938E+01  0.1003851E+06
   01 -0.5044643E+05  0.1057887E+01 -0.2181175E+00 -0.1047348E+00  0.8646379E-01 -0.1069165E+02 -0.7626965E+01  0.1003833E+06
   01 -0.5036993E+05  0.1057859E+01 -0.2186017E+00 -0.1059911E+00  0.8643552E-01 -0.1071195E+02 -0.7641992E+01  0.1003814E+06
   01 -0.5029343E+05  0.1057822E+01 -0.2190838E+00 -0.1072270E+00  0.8639787E-01 -0.1073225E+02 -0.7657020E+01  0.1003795E+06
   01 -0.5021694E+05  0.1057775E+01 -0.2195642E+00 -0.1084423E+00  0.8635106E-01 -0.1075256E+02 -0.7672047E+01  0.1003776E+06
   01 -0.5014044E+05  0.1057719E+01 -0.2200430E+00 -0.1096369E+00  0.8629530E-01 -0.1077286E+02 -0.7687074E+01  0.1003757E+06
   01 -0.5006394E+05  0.1057654E+01 -0.2205207E+00 -0.1108109E+00  0.8623085E-01 -0.1079316E+02 -0.7702101E+01  0.1003739E+06
   01 -0.4998745E+05  0.1057582E+01 -0.2209975E+00 -0.1119641E+00  0.8615791E-01 -0.1081346E+02 -0.7717128E+01  0.1003720E+06
   01 -0.4991095E+05  0.1057500E+01 -0.2214737E+00 -0.1130966E+00  0.8607672E-01 -0.1083376E+02 -0.7732156E+01  0.1003701E+06
   01 -0.4983445E+05  0.1057411E+01 -0.2219494E+00 -0.1142083E+00  0.8598750E-01 -0.1085407E+02 -0.7747183E+01  0.1003682E+06
   01 -0.4975796E+05  0.1057314E+01 -0.2224250E+00 -0.1152995E+00  0.8589049E-01 -0.1087437E+02 -0.7762210E+01  0.1003663E+06
   01 -0.4968146E+05  0.1057210E+01 -0.2229005E+00 -0.1163701E+00  0.8578589E-01 -0.1089467E+02 -0.7777237E+01  0.1003645E+06
   01 -0.4960496E+05  0.1057098E+01 -0.2233763E+00 -0.1174203E+00  0.8567395E-01 -0.1091497E+02 -0.7792264E+01  0.1003626E+06
   01 -0.4952847E+05  0.1056979E+01 -0.2238525E+00 -0.1184501E+00  0.8555488E-01 -0.1093527E+02 -0.7807291E+01  0.1003607E+06
   01 -0.4945197E+05  0.1056853E+01 -0.2243293E+00 -0.1194599E+00  0.8542891E-01 -0.1095557E+02 -0.7822319E+01  0.1003588E+06
   01 -0.4937547E+05  0.1056720E+01 -0.2248068E+00 -0.1204496E+00  0.8529624E-01 -0.1097588E+02 -0.7837346E+01  0.1003569E+06
   01 -0.4929898E+05  0.1056581E+01 -0.2252852E+00 -0.1214196E+00  0.8515710E-01 -0.1099618E+02 -0.7852373E+01  0.1003551E+06
   01 -0.4922248E+05  0.1056435E+01 -0.2257645E+00 -0.1223700E+00  0.8501170E-01 -0.1101648E+02 -0.7867400E+01  0.1003532E+06
   01 -0.4914598E+05  0.1056284E+01 -0.2262451E+00 -0.1233012E+00  0.8486025E-01 -0.1103678E+02 -0.7882427E+01  0.1003513E+06
   01 -0.4906949E+05  0.1056127E+01 -0.2267268E+00 -0.1242134E+00  0.8470295E-01 -0.1105708E+02 -0.7897455E+01  0.1003494E+06
   01 -0.4899299E+05  0.1055964E+01 -0.2272100E+00 -0.1251068E+00  0.8454001E-01 -0.1107738E+02 -0.7912482E+01  0.1003475E+06
   01 -0.4891649E+05  0.1055795E+01 -0.2276946E+00 -0.1259816E+00  0.8437165E-01 -0.1109769E+02 -0.7927509E+01  0.1003457E+06
   01 -0.4883999E+05  0.1055622E+01 -0.2281808E+00 -0.1268379E+00  0.8419808E-01 -0.1111799E+02 -0.7942536E+01  0.1003438E+06
   01 -0.4876350E+05  0.1055443E+01 -0.2286686E+00 -0.1276759E+00  0.8401954E-01 -0.1113829E+02 -0.7957563E+01  0.1003419E+06
   01 -0.4868700E+05  0.1055260E+01 -0.2291582E+00 -0.1284957E+00  0.8383621E-01 -0.1115859E+02 -0.7972591E+01  0.1003400E+06
   01 -0.4861050E+05  0.1055072E+01 -0.2296497E+00 -0.1292977E+00  0.8364833E-01 -0.1117889E+02 -0.7987618E+01  0.1003381E+06
   01 -0.4853401E+05  0.1054880E+01 -0.2301430E+00 -0.1300821E+00  0.8345607E-01 -0.1119920E+02 -0.8002645E+01  0.1003363E+06
   01 -0.4845751E+05  0.1054683E+01 -0.2306384E+00 -0.1308492E+00  0.8325965E-01 -0.1121950E+02 -0.8017672E+01  0.1003344E+06
   01 -0.4838101E+05  0.1054483E+01 -0.2311358E+00 -0.1315992E+00  0.8305926E-01 -0.1123980E+02 -0.8032699E+01  0.1003325E+06
   01 -0.4830452E+05  0.1054279E+01 -0.2316354E+00 -0.1323326E+00  0.8285508E-01 -0.1126010E+02 -0.8047726E+01  0.1003306E+06
   01 -0.4822802E+05  0.1054071E+01 -0.2321370E+00 -0.1330497E+00  0.8264731E-01 -0.1128040E+02 -0.8062754E+01  0.1003287E+06
   01 -0.4815152E+05  0.1053860E+01 -0.2326409E+00 -0.1337509E+00  0.8243612E-01 -0.1130070E+02 -0.8077781E+01  0.1003269E+06
   01 -0.4807503E+05  0.1053645E+01 -0.2331470E+00 -0.1344364E+00  0.8222169E-01 -0.1132101E+02 -0.8092808E+01  0.1003250E+06
   01 -0.4799853E+05  0.1053428E+01 -0.2336554E+00 -0.1351067E+00  0.8200419E-01 -0.1134131E+02 -0.8107835E+01  0.1003231E+06
   01 -0.4792203E+05  0.1053207E+01 -0.2341661E+00 -0.1357622E+00  0.8178379E-01 -0.1136161E+02 -0.8122862E+01  0.1003212E+06
   01 -0.4784554E+05  0.1052984E+01 -0.2346790E+00 -0.1364033E+00  0.8156064E-01 -0.1138191E+02 -0.8137890E+01  0.1003193E+06
   01 -0.4776904E+05  0.1052759E+01 -0.2351943E+00 -0.1370304E+00  0.8133492E-01 -0.1140221E+02 -0.8152917E+01  0.1003174E+06
   01 -0.4769254E+05  0.1052530E+01 -0.2357119E+00 -0.1376437E+00  0.8110676E-01 -0.1142251E+02 -0.8167944E+01  0.1003156E+06
   01 -0.4761605E+05  0.1052300E+01 -0.2362318E+00 -0.1382438E+00  0.8087633E-01 -0.1144282E+02 -0.8182971E+01  0.1003137E+06
   01 -0.4753955E+05  0.1052067E+01 -0.2367540E+00 -0.1388310E+00  0.8064377E-01 -0.1146312E+02 -0.8197998E+01  0.1003118E+06
   01 -0.4746305E+05  0.1051833E+01 -0.2372785E+00 -0.1394057E+00  0.8040922E-01 -0.1148342E+02 -0.8213025E+01  0.1003099E+06
   01 -0.4738656E+05  0.1051596E+01 -0.2378054E+00 -0.1399683E+00  0.8017282E-01 -0.1150372E+02 -0.8228053E+01  0.1003080E+06
   01 -0.4731006E+05  0.1051358E+01 -0.2383345E+00 -0.1405190E+00  0.7993471E-01 -0.1152402E+02 -0.8243080E+01  0.1003062E+06
   01 -0.4723356E+05  0.1051119E+01 -0.2388659E+00 -0.1410584E+00  0.7969502E-01 -0.1154432E+02 -0.8258107E+01  0.1003043E+06
   01 -0.4715707E+05  0.1050878E+01 -0.2393995E+00 -0.1415866E+00  0.7945388E-01 -0.1156463E+02 -0.8273134E+01  0.1003024E+06
   01 -0.4708057E+05  0.1050635E+01 -0.2399354E+00 -0.1421042E+00  0.7921141E-01 -0.1158493E+02 -0.8288161E+01  0.1003005E+06
   01 -0.4700407E+05  0.1050391E+01 -0.2404735E+00 -0.1426113E+00  0.7896774E-01 -0.1160523E+02 -0.8303189E+01  0.1002986E+06
   01 -0.4692758E+05  0.1050147E+01 -0.2410138E+00 -0.1431083E+00  0.7872299E-01 -0.1162553E+02 -0.8318216E+01  0.1002968E+06
   01 -0.4685108E+05  0.1049901E+01 -0.2415563E+00 -0.1435955E+00  0.7847728E-01 -0.1164583E+02 -0.8333243E+01  0.1002949E+06
   01 -0.4677458E+05  0.1049654E+01 -0.2421009E+00 -0.1440732E+00  0.7823072E-01 -0.1166614E+02 -0.8348270E+01  0.1002930E+06
   01 -0.4669809E+05  0.1049407E+01 -0.2426477E+00 -0.1445416E+00  0.7798343E-01 -0.1168644E+02 -0.8363297E+01  0.1002911E+06
   01 -0.4662159E+05  0.1049159E+01 -0.2431966E+00 -0.1450009E+00  0.7773554E-01 -0.1170674E+02 -0.8378324E+01  0.1002892E+06
   01 -0.4654509E+05  0.1048911E+01 -0.2437476E+00 -0.1454510E+00  0.7748718E-01 -0.1172704E+02 -0.8393352E+01  0.1002874E+06
   01 -0.4646860E+05  0.1048662E+01 -0.2443007E+00 -0.1458924E+00  0.7723847E-01 -0.1174734E+02 -0.8408379E+01  0.1002855E+06
   01 -0.4639210E+05  0.1048413E+01 -0.2448560E+00 -0.1463252E+00  0.7698951E-01 -0.1176764E+02 -0.8423406E+01  0.1002836E+06
   01 -0.4631560E+05  0.1048164E+01 -0.2454133E+00 -0.1467497E+00  0.7674042E-01 -0.1178795E+02 -0.8438433E+01  0.1002817E+06
   01 -0.4623911E+05  0.1047915E+01 -0.2459726E+00 -0.1471663E+00  0.7649128E-01 -0.1180825E+02 -0.8453460E+01  0.1002798E+06
   01 -0.4616261E+05  0.1047666E+01 -0.2465341E+00 -0.1475752E+00  0.7624221E-01 -0.1182855E+02 -0.8468488E+01  0.1002780E+06
   01 -0.4608611E+05  0.1047417E+01 -0.2470975E+00 -0.1479766E+00  0.7599329E-01 -0.1184885E+02 -0.8483515E+01  0.1002761E+06
   01 -0.4600962E+05  0.1047168E+01 -0.2476629E+00 -0.1483709E+00  0.7574462E-01 -0.1186915E+02 -0.8498542E+01  0.1002742E+06
   01 -0.4593312E+05  0.1046920E+01 -0.2482304E+00 -0.1487582E+00  0.7549629E-01 -0.1188945E+02 -0.8513569E+01  0.1002723E+06
   01 -0.4585662E+05  0.1046672E+01 -0.2487998E+00 -0.1491389E+00  0.7524839E-01 -0.1190976E+02 -0.8528596E+01  0.1002704E+06
   01 -0.4578013E+05  0.1046425E+01 -0.2493711E+00 -0.1495131E+00  0.7500101E-01 -0.1193006E+02 -0.8543623E+01  0.1002686E+06
   01 -0.4570363E+05  0.1046178E+01 -0.2499443E+00 -0.1498810E+00  0.7475423E-01 -0.1195036E+02 -0.8558651E+01  0.1002667E+06
   01 -0.4562713E+05  0.1045932E+01 -0.2505195E+00 -0.1502429E+00  0.7450815E-01 -0.1197066E+02 -0.8573678E+01  0.1002648E+06
   01 -0.4555063E+05  0.1045686E+01 -0.2510965E+00 -0.1505987E+00  0.7426285E-01 -0.1199096E+02 -0.8588705E+01  0.1002629E+06
   01 -0.4547414E+05  0.1045442E+01 -0.2516754E+00 -0.1509488E+00  0.7401842E-01 -0.1201126E+02 -0.8603732E+01  0.1002610E+06
   01 -0.4539764E+05  0.1045199E+01 -0.2522562E+00 -0.1512932E+00  0.7377495E-01 -0.1203157E+02 -0.8618759E+01  0.1002592E+06
   01 -0.4532114E+05  0.1044956E+01 -0.2528388E+00 -0.1516320E+00  0.7353252E-01 -0.1205187E+02 -0.8633787E+01  0.1002573E+06
   01 -0.4524465E+05  0.1044715E+01 -0.2534232E+00 -0.1519654E+00  0.7329123E-01 -0.1207217E+02 -0.8648814E+01  0.1002554E+06
   01 -0.4516815E+05  0.1044475E+01 -0.2540095E+00 -0.1522933E+00  0.7305116E-01 -0.1209247E+02 -0.8663841E+01  0.1002535E+06
   01 -0.4509165E+05  0.1044236E+01 -0.2545977E+00 -0.1526160E+00  0.7281241E-01 -0.1211277E+02 -0.8678868E+01  0.1002516E+06
   01 -0.4501516E+05  0.1043999E+01 -0.2551876E+00 -0.1529334E+00  0.7257506E-01 -0.1213308E+02 -0.8693895E+01  0.1002498E+06
   01 -0.4493866E+05  0.1043763E+01 -0.2557795E+00 -0.1532455E+00  0.7233920E-01 -0.1215338E+02 -0.8708922E+01  0.1002479E+06
   01 -0.4486216E+05  0.1043529E+01 -0.2563731E+00 -0.1535526E+00  0.7210494E-01 -0.1217368E+02 -0.8723950E+01  0.1002460E+06
   01 -0.4478567E+05  0.1043296E+01 -0.2569687E+00 -0.1538545E+00  0.7187235E-01 -0.1219398E+02 -0.8738977E+01  0.1002441E+06
   01 -0.4470917E+05  0.1043065E+01 -0.2575661E+00 -0.1541513E+00  0.7164154E-01 -0.1221428E+02 -0.8754004E+01  0.1002422E+06
   01 -0.4463267E+05  0.1042836E+01 -0.2581655E+00 -0.1544431E+00  0.7141259E-01 -0.1223458E+02 -0.8769031E+01  0.1002403E+06
   01 -0.4455618E+05  0.1042609E+01 -0.2587667E+00 -0.1547299E+00  0.7118560E-01 -0.1225489E+02 -0.8784058E+01  0.1002385E+06
   01 -0.4447968E+05  0.1042384E+01 -0.2593698E+00 -0.1550118E+00  0.7096066E-01 -0.1227519E+02 -0.8799086E+01  0.1002366E+06
   01 -0.4440318E+05  0.1042162E+01 -0.2599749E+00 -0.1552887E+00  0.7073787E-01 -0.1229549E+02 -0.8814113E+01  0.1002347E+06
   01 -0.4432669E+05  0.1041941E+01 -0.2605820E+00 -0.1555606E+00  0.7051731E-01 -0.1231579E+02 -0.8829140E+01  0.1002328E+06
   01 -0.4425019E+05  0.1041723E+01 -0.2611910E+00 -0.1558277E+00  0.7029910E-01 -0.1233609E+02 -0.8844167E+01  0.1002309E+06
   01 -0.4417369E+05  0.1041507E+01 -0.2618021E+00 -0.1560900E+00  0.7008330E-01 -0.1235639E+02 -0.8859194E+01  0.1002291E+06
   01 -0.4409720E+05  0.1041294E+01 -0.2624151E+00 -0.1563474E+00  0.6987003E-01 -0.1237670E+02 -0.8874221E+01  0.1002272E+06
   01 -0.4402070E+05  0.1041083E+01 -0.2630303E+00 -0.1566001E+00  0.6965938E-01 -0.1239700E+02 -0.8889249E+01  0.1002253E+06
   01 -0.4394420E+05  0.1040875E+01 -0.2636474E+00 -0.1568481E+00  0.6945143E-01 -0.1241730E+02 -0.8904276E+01  0.1002234E+06
   01 -0.4386771E+05  0.1040670E+01 -0.2642667E+00 -0.1570914E+00  0.6924628E-01 -0.1243760E+02 -0.8919303E+01  0.1002215E+06
   01 -0.4379121E+05  0.1040468E+01 -0.2648881E+00 -0.1573301E+00  0.6904402E-01 -0.1245790E+02 -0.8934330E+01  0.1002197E+06
   01 -0.4371471E+05  0.1040268E+01 -0.2655116E+00 -0.1575642E+00  0.6884475E-01 -0.1247820E+02 -0.8949357E+01  0.1002178E+06
   01 -0.4363822E+05  0.1040072E+01 -0.2661373E+00 -0.1577938E+00  0.6864854E-01 -0.1249851E+02 -0.8964385E+01  0.1002159E+06
   01 -0.4356172E+05  0.1039879E+01 -0.2667651E+00 -0.1580190E+00  0.6845550E-01 -0.1251881E+02 -0.8979412E+01  0.1002140E+06
   01 -0.4348522E+05  0.1039689E+01 -0.2673951E+00 -0.1582395E+00  0.6826573E-01 -0.1253911E+02 -0.8994439E+01  0.1002121E+06
   01 -0.4340873E+05  0.1039503E+01 -0.2680274E+00 -0.1584549E+00  0.6807936E-01 -0.1255941E+02 -0.9009466E+01  0.1002103E+06
   01 -0.4333223E+05  0.1039320E+01 -0.2686620E+00 -0.1586654E+00  0.6789650E-01 -0.1257971E+02 -0.9024493E+01  0.1002084E+06
   01 -0.4325573E+05  0.1039141E+01 -0.2692990E+00 -0.1588709E+00  0.6771727E-01 -0.1260002E+02 -0.9039520E+01  0.1002065E+06
